Date,NAV
2015-06-03,9.95920
2015-06-04,9.96450
2015-06-05,9.97810
2015-06-08,9.94450
2015-06-09,9.92880
2015-06-10,9.96570
2015-06-11,9.90690
2015-06-12,9.91310
2015-06-15,9.92390
2015-06-16,9.93360
2015-06-17,9.96000
2015-06-18,10.01800
2015-06-19,10.04110
2015-06-22,10.08640
2015-06-23,10.10870
2015-06-24,10.10040
2015-06-25,10.11090
2015-06-26,10.10810
2015-06-29,10.07980
2015-06-30,10.10120
2015-07-01,10.14260
2015-07-02,10.14720
2015-07-03,10.14270
2015-07-06,10.15820
2015-07-07,10.16900
2015-07-08,10.12700
2015-07-09,10.10550
2015-07-10,10.12100
2015-07-13,10.14300
2015-07-14,10.14990
2015-07-15,10.17200
2015-07-16,10.21380
2015-07-17,10.21790
2015-07-20,10.23350
2015-07-21,10.20860
2015-07-22,10.24110
2015-07-23,10.23180
2015-07-24,10.21020
2015-07-27,10.16480
2015-07-28,10.17230
2015-07-29,10.17890
2015-07-30,10.18940
2015-07-31,10.23620
2015-08-03,10.23780
2015-08-04,10.23250
2015-08-05,10.25670
2015-08-06,10.26260
2015-08-07,10.26240
2015-08-10,10.27540
2015-08-11,10.24150
2015-08-12,10.18010
2015-08-13,10.17640
2015-08-14,10.24380
2015-08-17,10.23150
2015-08-18,10.22910
2015-08-19,10.24390
2015-08-20,10.18940
2015-08-21,10.16210
2015-08-24,9.95560
2015-08-25,9.97370
2015-08-26,9.95300
2015-08-27,10.02060
2015-08-28,10.02580
2015-08-31,10.02040
2015-09-01,9.96470
2015-09-02,9.94340
2015-09-03,9.98790
2015-09-04,9.93140
2015-09-07,9.88720
2015-09-08,9.92140
2015-09-09,9.97860
2015-09-10,9.96650
2015-09-11,9.96110
2015-09-14,10.00170
2015-09-15,9.98560
2015-09-16,9.99550
2015-09-18,10.05320
2015-09-21,10.05310
2015-09-22,9.97030
2015-09-23,9.99590
2015-09-24,9.99220
2015-09-28,9.96640
2015-09-29,10.00120
2015-09-30,10.06430
2015-10-01,10.06140
2015-10-05,10.14070
2015-10-06,10.15830
2015-10-07,10.16160
2015-10-08,10.14040
2015-10-09,10.14710
2015-10-12,10.14490
2015-10-13,10.14740
2015-10-14,10.12820
2015-10-15,10.17220
2015-10-16,10.18760
2015-10-19,10.21580
2015-10-20,10.21900
2015-10-21,10.21300
2015-10-23,10.20770
2015-10-26,10.18570
2015-10-27,10.18910
2015-10-28,10.18090
2015-10-29,10.17410
2015-10-30,10.12170
2015-11-02,10.12420
2015-11-03,10.13140
2015-11-04,10.13000
2015-11-05,10.08940
2015-11-06,10.09770
2015-11-09,10.10730
2015-11-10,10.06140
2015-11-13,10.08930
2015-11-16,10.09280
2015-11-17,10.10260
2015-11-18,10.07260
2015-11-19,10.12120
2015-11-20,10.13580
2015-11-23,10.14430
2015-11-24,10.14100
2015-11-26,10.16100
2015-11-27,10.17750
2015-11-30,10.11430
2015-12-01,10.12700
2015-12-02,10.12190
2015-12-03,10.10470
2015-12-04,10.07850
2015-12-07,10.08050
2015-12-08,10.05860
2015-12-09,10.01950
2015-12-10,10.04650
2015-12-11,10.02580
2015-12-14,10.03680
2015-12-15,10.06410
2015-12-16,10.07950
2015-12-17,10.11430
2015-12-18,10.10460
2015-12-21,10.14090
2015-12-22,10.13750
2015-12-23,10.15420
2015-12-24,10.15070
2015-12-28,10.18890
2015-12-29,10.18900
2015-12-30,10.18480
2015-12-31,10.20420
2016-01-01,10.21930
2016-01-04,10.17680
2016-01-05,10.18550
2016-01-06,10.18090
2016-01-07,10.11330
2016-01-08,10.15020
2016-01-11,10.13650
2016-01-12,10.10940
2016-01-13,10.09390
2016-01-14,10.07780
2016-01-15,10.03560
2016-01-18,9.94290
2016-01-19,9.99610
2016-01-20,9.90910
2016-01-21,9.89960
2016-01-22,9.99950
2016-01-25,10.01660
2016-01-27,10.02010
2016-01-28,10.00930
2016-01-29,10.07070
2016-02-01,10.07710
2016-02-02,10.01790
2016-02-03,9.96790
2016-02-04,9.98780
2016-02-05,10.02330
2016-02-08,9.99800
2016-02-09,9.93170
2016-02-10,9.91210
2016-02-11,9.82820
2016-02-12,9.82480
2016-02-15,9.90730
2016-02-16,9.84500
2016-02-17,9.88430
2016-02-18,9.92530
2016-02-19,9.92540
2016-02-22,9.92980
2016-02-23,9.84970
2016-02-24,9.79960
2016-02-25,9.77610
2016-02-26,9.79980
2016-02-29,9.78830
2016-03-01,9.92790
2016-03-02,10.01880
2016-03-03,10.07110
2016-03-04,10.09070
2016-03-08,10.09700
2016-03-09,10.10910
2016-03-10,10.08670
2016-03-11,10.09220
2016-03-14,10.11250
2016-03-15,10.06950
2016-03-16,10.08320
2016-03-17,10.11270
2016-03-18,10.15310
2016-03-21,10.21420
2016-03-22,10.21640
2016-03-23,10.23850
2016-03-28,10.18790
2016-03-29,10.18520
2016-03-30,10.26740
2016-03-31,10.28330
2016-04-01,10.26590
2016-04-04,10.29040
2016-04-05,10.22480
2016-04-06,10.24000
2016-04-07,10.22260
2016-04-08,10.22750
2016-04-11,10.27600
2016-04-12,10.30310
2016-04-13,10.36320
2016-04-18,10.43810
2016-04-20,10.43620
2016-04-21,10.43320
2016-04-22,10.41450
2016-04-25,10.40200
2016-04-26,10.43510
2016-04-27,10.44320
2016-04-28,10.39340
2016-04-29,10.39040
2016-05-02,10.42600
2016-05-03,10.40780
2016-05-04,10.39480
2016-05-05,10.40760
2016-05-06,10.41040
2016-05-09,10.45320
2016-05-10,10.45820
2016-05-11,10.47160
2016-05-12,10.49670
2016-05-13,10.46150
2016-05-16,10.47350
2016-05-17,10.49390
2016-05-18,10.48930
2016-05-19,10.44400
2016-05-20,10.43100
2016-05-23,10.41530
2016-05-24,10.41660
2016-05-25,10.48120
2016-05-26,10.54710
2016-05-27,10.59530
2016-05-30,10.60680
2016-05-31,10.60030
2016-06-01,10.61730
2016-06-02,10.64000
2016-06-03,10.64900
2016-06-06,10.63520
2016-06-07,10.66670
2016-06-08,10.67130
2016-06-09,10.64810
2016-06-10,10.62420
2016-06-13,10.60900
2016-06-14,10.60670
2016-06-15,10.64740
2016-06-16,10.62600
2016-06-17,10.63710
2016-06-20,10.65700
2016-06-21,10.65620
2016-06-22,10.64760
2016-06-23,10.66210
2016-06-24,10.59570
2016-06-27,10.61160
2016-06-28,10.62930
2016-06-29,10.66180
2016-06-30,10.70800
2016-07-01,10.73530
2016-07-04,10.77040
2016-07-05,10.75390
2016-07-07,10.74680
2016-07-08,10.75460
2016-07-11,10.82480
2016-07-12,10.85000
2016-07-13,10.84710
2016-07-14,10.86490
2016-07-15,10.86320
2016-07-18,10.85060
2016-07-19,10.86120
2016-07-20,10.88550
2016-07-21,10.87750
2016-07-22,10.90300
2016-07-25,10.94620
2016-07-26,10.93600
2016-07-27,10.96050
2016-07-28,10.99410
2016-07-29,11.01160
2016-08-01,11.02440
2016-08-02,11.00120
2016-08-03,10.94060
2016-08-04,10.95820
2016-08-05,11.03270
2016-08-08,11.05510
2016-08-09,11.04450
2016-08-10,10.98910
2016-08-11,11.00620
2016-08-12,11.03260
2016-08-16,11.02290
2016-08-17,11.03950
2016-08-18,11.06350
2016-08-19,11.05860
2016-08-22,11.03880
2016-08-23,11.01930
2016-08-24,11.03350
2016-08-25,11.01080
2016-08-26,11.02640
2016-08-29,11.05120
2016-08-30,11.09260
2016-08-31,11.11150
2016-09-01,11.10030
2016-09-02,11.11530
2016-09-06,11.17620
2016-09-07,11.16450
2016-09-08,11.19110
2016-09-09,11.16940
2016-09-12,11.10770
2016-09-14,11.11240
2016-09-15,11.12220
2016-09-16,11.13190
2016-09-19,11.13990
2016-09-20,11.13120
2016-09-21,11.14010
2016-09-22,11.19660
2016-09-23,11.20610
2016-09-26,11.16330
2016-09-27,11.15780
2016-09-28,11.17010
2016-09-29,11.08000
2016-09-30,11.12240
2016-10-03,11.18350
2016-10-04,11.20820
2016-10-05,11.22180
2016-10-06,11.21650
2016-10-07,11.20740
2016-10-10,11.20770
2016-10-13,11.15770
2016-10-14,11.17870
2016-10-17,11.15060
2016-10-18,11.20030
2016-10-19,11.20390
2016-10-20,11.21090
2016-10-21,11.21570
2016-10-24,11.23100
2016-10-25,11.22300
2016-10-26,11.17900
2016-10-27,11.15860
2016-10-28,11.19020
2016-11-01,11.19460
2016-11-02,11.11680
2016-11-03,11.08880
2016-11-04,11.03630
2016-11-07,11.07890
2016-11-08,11.10470
2016-11-09,11.02630
2016-11-10,11.09000
2016-11-11,10.92290
2016-11-15,10.76930
2016-11-16,10.79980
2016-11-17,10.78090
2016-11-18,10.77850
2016-11-21,10.67100
2016-11-22,10.72010
2016-11-23,10.76020
2016-11-24,10.72810
2016-11-25,10.81960
2016-11-28,10.83250
2016-11-29,10.85330
2016-11-30,10.90140
2016-12-01,10.87650
2016-12-02,10.80070
2016-12-05,10.82650
2016-12-06,10.83600
2016-12-07,10.80860
2016-12-08,10.89060
2016-12-09,10.88610
2016-12-12,10.83230
2016-12-13,10.85030
2016-12-14,10.81920
2016-12-15,10.79820
2016-12-16,10.79620
2016-12-19,10.76290
2016-12-20,10.73230
2016-12-21,10.72590
2016-12-22,10.66490
2016-12-23,10.66970
2016-12-26,10.61420
2016-12-27,10.70010
2016-12-28,10.70570
2016-12-29,10.76360
2016-12-30,10.83000
2017-01-02,10.84230
2017-01-03,10.86880
2017-01-04,10.86940
2017-01-05,10.92930
2017-01-06,10.90190
2017-01-09,10.90520
2017-01-10,10.94480
2017-01-11,11.00470
2017-01-12,11.00800
2017-01-13,11.00270
2017-01-16,11.01080
2017-01-17,11.00900
2017-01-18,11.02340
2017-01-19,11.03850
2017-01-20,10.99970
2017-01-23,11.02560
2017-01-24,11.06800
2017-01-25,11.13950
2017-01-27,11.13500
2017-01-30,11.12980
2017-01-31,11.09850
2017-02-01,11.16740
2017-02-02,11.18170
2017-02-03,11.19970
2017-02-06,11.23500
2017-02-07,11.22670
2017-02-08,11.21670
2017-02-09,11.22770
2017-02-10,11.22820
2017-02-13,11.22120
2017-02-14,11.19200
2017-02-15,11.14860
2017-02-16,11.18510
2017-02-17,11.20890
2017-02-20,11.24100
2017-02-21,11.24780
2017-02-22,11.24680
2017-02-23,11.25170
2017-02-27,11.24610
2017-02-28,11.23390
2017-03-01,11.26220
2017-03-02,11.23540
2017-03-03,11.24120
2017-03-06,11.26340
2017-03-07,11.25520
2017-03-08,11.24470
2017-03-09,11.24660
2017-03-10,11.24080
2017-03-14,11.30900
2017-03-15,11.31910
2017-03-16,11.35040
2017-03-17,11.35370
2017-03-20,11.34580
2017-03-21,11.34070
2017-03-22,11.30800
2017-03-23,11.33600
2017-03-24,11.35000
2017-03-27,11.32840
2017-03-28,11.35080
2017-03-29,11.36440
2017-03-30,11.38020
2017-03-31,11.39450
2017-04-03,11.42290
2017-04-05,11.44360
2017-04-06,11.43020
2017-04-07,11.41630
2017-04-10,11.41690
2017-04-11,11.43830
2017-04-12,11.43680
2017-04-13,11.43050
2017-04-17,11.42830
2017-04-18,11.42100
2017-04-19,11.42490
2017-04-20,11.44370
2017-04-21,11.43400
2017-04-24,11.46990
2017-04-25,11.51360
2017-04-26,11.52140
2017-04-27,11.51020
2017-04-28,11.49750
2017-05-02,11.51190
2017-05-03,11.50550
2017-05-04,11.52920
2017-05-05,11.48230
2017-05-08,11.50530
2017-05-09,11.51010
2017-05-10,11.57910
2017-05-11,11.58980
2017-05-12,11.59230
2017-05-15,11.62980
2017-05-16,11.65920
2017-05-17,11.65990
2017-05-18,11.59710
2017-05-19,11.58300
2017-05-22,11.57140
2017-05-23,11.52650
2017-05-24,11.49970
2017-05-25,11.59850
2017-05-26,11.69650
2017-05-29,11.69140
2017-05-30,11.70110
2017-05-31,11.64320
2017-06-01,11.65090
2017-06-02,11.67180
2017-06-05,11.68760
2017-06-06,11.66040
2017-06-07,11.68610
2017-06-08,11.70370
2017-06-09,11.71830
2017-06-12,11.68580
2017-06-13,11.68480
2017-06-14,11.68300
2017-06-15,11.67730
2017-06-16,11.69270
2017-06-19,11.72880
2017-06-20,11.73340
2017-06-21,11.73020
2017-06-22,11.73190
2017-06-23,11.68870
2017-06-27,11.64960
2017-06-28,11.63610
2017-06-29,11.64660
2017-06-30,11.61380
2017-07-03,11.65840
2017-07-04,11.65030
2017-07-05,11.67100
2017-07-06,11.70240
2017-07-07,11.69110
2017-07-10,11.74070
2017-07-11,11.73310
2017-07-12,11.75120
2017-07-13,11.80050
2017-07-14,11.80710
2017-07-17,11.81860
2017-07-18,11.75820
2017-07-19,11.79960
2017-07-20,11.78400
2017-07-21,11.81230
2017-07-24,11.83010
2017-07-25,11.82020
2017-07-26,11.83450
2017-07-27,11.82400
2017-07-28,11.76780
2017-07-31,11.78970
2017-08-01,11.81680
2017-08-02,11.80530
2017-08-03,11.78110
2017-08-04,11.79970
2017-08-07,11.81520
2017-08-08,11.78130
2017-08-09,11.73530
2017-08-10,11.68540
2017-08-11,11.66470
2017-08-14,11.71740
2017-08-16,11.76650
2017-08-17,11.76320
2017-08-18,11.73890
2017-08-21,11.71020
2017-08-22,11.70710
2017-08-23,11.73990
2017-08-24,11.68320
2017-08-28,11.70640
2017-08-29,11.66920
2017-08-30,11.70230
2017-08-31,11.71500
2017-09-01,11.75030
2017-09-04,11.72730
2017-09-05,11.74820
2017-09-06,11.74260
2017-09-07,11.75210
2017-09-08,11.76040
2017-09-11,11.78560
2017-09-12,11.83050
2017-09-13,11.80780
2017-09-14,11.81290
2017-09-15,11.82100
2017-09-18,11.84320
2017-09-19,11.84950
2017-09-20,11.84120
2017-09-21,11.82320
2017-09-22,11.75940
2017-09-25,11.71490
2017-09-26,11.70730
2017-09-27,11.65280
2017-09-28,11.68130
2017-09-29,11.64360
2017-10-03,11.67230
2017-10-04,11.68950
2017-10-05,11.68960
2017-10-06,11.72150
2017-10-09,11.72480
2017-10-10,11.75350
2017-10-11,11.74360
2017-10-12,11.77870
2017-10-13,11.79280
2017-10-16,11.80040
2017-10-17,11.80980
2017-10-18,11.80710
2017-10-23,11.80030
2017-10-24,11.81050
2017-10-25,11.82080
2017-10-26,11.83830
2017-10-27,11.84460
2017-10-30,11.87290
2017-10-31,11.85430
2017-11-01,11.89010
2017-11-02,11.88470
2017-11-03,11.90300
2017-11-06,11.91330
2017-11-07,11.87000
2017-11-08,11.83940
2017-11-09,11.84110
2017-11-10,11.83390
2017-11-13,11.80600
2017-11-14,11.78760
2017-11-15,11.74950
2017-11-16,11.79950
2017-11-17,11.83770
2017-11-20,11.85360
2017-11-21,11.86720
2017-11-22,11.86960
2017-11-23,11.86860
2017-11-24,11.83450
2017-11-27,11.84550
2017-11-28,11.84230
2017-11-29,11.84560
2017-11-30,11.77660
2017-12-01,11.72670
2017-12-04,11.71770
2017-12-05,11.72110
2017-12-06,11.68310
2017-12-07,11.75330
2017-12-08,11.81080
2017-12-11,11.82800
2017-12-12,11.78100
2017-12-13,11.74740
2017-12-14,11.77320
2017-12-15,11.81510
2017-12-18,11.86080
2017-12-19,11.92380
2017-12-20,11.94190
2017-12-21,11.93900
2017-12-22,11.98340
2017-12-26,12.01180
2017-12-27,11.98180
2017-12-28,11.97220
2017-12-29,11.93790
2018-01-01,11.90630
2018-01-02,11.89950
2018-01-03,11.91390
2018-01-04,11.94570
2018-01-05,11.97660
2018-01-08,12.01690
2018-01-09,12.01550
2018-01-10,12.01570
2018-01-11,12.01960
2018-01-12,12.03000
2018-01-15,12.04810
2018-01-16,11.99640
2018-01-17,12.04230
2018-01-18,12.03950
2018-01-19,12.07640
2018-01-22,12.10390
2018-01-23,12.15380
2018-01-24,12.14670
2018-01-25,12.12390
2018-01-29,12.13170
2018-01-30,12.09630
2018-01-31,12.08850
2018-02-01,12.09050
2018-02-02,11.97900
2018-02-05,11.95040
2018-02-06,11.89710
2018-02-07,11.92130
2018-02-08,11.95850
2018-02-09,11.92130
2018-02-12,11.95460
2018-02-14,11.94600
2018-02-15,11.93800
2018-02-16,11.89480
2018-02-19,11.86940
2018-02-20,11.86450
2018-02-21,11.86530
2018-02-22,11.85070
2018-02-23,11.89340
2018-02-26,11.85220
2018-02-27,11.84470
2018-02-28,11.82580
2018-03-01,11.82210
2018-03-05,11.78030
2018-03-06,11.74620
2018-03-07,11.69920
2018-03-08,11.72120
2018-03-09,11.72260
2018-03-12,11.76540
2018-03-13,11.78350
2018-03-14,11.79000
2018-03-15,11.78550
2018-03-16,11.72810
2018-03-19,11.68040
2018-03-20,11.68470
2018-03-21,11.70650
2018-03-22,11.68320
2018-03-23,11.57870
2018-03-26,11.61530
2018-03-27,11.65160
2018-03-28,11.62360
2018-04-02,11.67560
2018-04-03,11.70800
2018-04-04,11.69580
2018-04-05,11.76580
2018-04-06,11.77920
2018-04-09,11.80210
2018-04-10,11.80200
2018-04-11,11.80490
2018-04-12,11.81240
2018-04-13,11.81460
2018-04-16,11.82460
2018-04-17,11.82230
2018-04-18,11.80430
2018-04-19,11.81660
2018-04-20,11.81490
2018-04-23,11.75830
2018-04-24,11.76070
2018-04-25,11.75060
2018-04-26,11.75440
2018-04-27,11.76770
2018-04-30,11.79120
2018-05-02,11.77610
2018-05-03,11.73800
2018-05-04,11.72550
2018-05-07,11.74900
2018-05-08,11.76180
2018-05-09,11.76560
2018-05-10,11.75430
2018-05-11,11.77190
2018-05-14,11.76460
2018-05-15,11.76380
2018-05-16,11.73540
2018-05-17,11.72640
2018-05-18,11.69020
2018-05-21,11.64130
2018-05-22,11.65710
2018-05-23,11.63140
2018-05-24,11.65340
2018-05-25,11.69620
2018-05-28,11.72300
2018-05-29,11.70070
2018-05-30,11.68740
2018-05-31,11.71520
2018-06-01,11.69540
2018-06-04,11.65700
2018-06-05,11.62150
2018-06-06,11.66870
2018-06-07,11.70400
2018-06-08,11.70960
2018-06-11,11.71270
2018-06-12,11.72690
2018-06-13,11.72770
2018-06-14,11.71790
2018-06-15,11.71400
2018-06-18,11.70590
2018-06-19,11.66930
2018-06-20,11.67820
2018-06-21,11.67220
2018-06-22,11.69360
2018-06-25,11.66460
2018-06-26,11.65780
2018-06-27,11.61220
2018-06-28,11.57890
2018-06-29,11.64120
2018-07-02,11.60770
2018-07-03,11.62520
2018-07-04,11.65230
2018-07-05,11.64550
2018-07-06,11.65560
2018-07-09,11.68950
2018-07-10,11.66850
2018-07-11,11.65350
2018-07-12,11.67080
2018-07-13,11.66390
2018-07-16,11.61690
2018-07-17,11.64420
2018-07-18,11.62350
2018-07-19,11.60360
2018-07-20,11.63360
2018-07-23,11.66930
2018-07-24,11.70010
2018-07-25,11.69450
2018-07-26,11.70830
2018-07-27,11.75730
2018-07-30,11.78020
2018-07-31,11.78990
2018-08-01,11.78190
2018-08-02,11.74700
2018-08-03,11.78920
2018-08-06,11.81570
2018-08-07,11.81790
2018-08-08,11.84390
2018-08-09,11.86360
2018-08-10,11.83570
2018-08-13,11.78050
2018-08-14,11.82070
2018-08-16,11.79920
2018-08-17,11.84130
2018-08-20,11.88050
2018-08-21,11.89390
2018-08-23,11.89050
2018-08-24,11.87190
2018-08-27,11.93550
2018-08-28,11.95480
2018-08-29,11.93850
2018-08-30,11.93010
2018-08-31,11.94070
2018-09-03,11.89820
2018-09-04,11.84790
2018-09-05,11.81900
2018-09-06,11.84970
2018-09-07,11.88070
2018-09-10,11.81110
2018-09-11,11.73410
2018-09-12,11.75780
2018-09-14,11.83250
2018-09-17,11.77520
2018-09-18,11.72550
2018-09-19,11.70180
2018-09-21,11.64040
2018-09-24,11.55170
2018-09-25,11.59430
2018-09-26,11.59140
2018-09-27,11.55110
2018-09-28,11.52530
2018-10-01,11.54720
2018-10-03,11.47440
2018-10-04,11.36760
2018-10-05,11.24950
2018-10-08,11.25450
2018-10-09,11.23380
2018-10-10,11.32900
2018-10-11,11.22470
2018-10-12,11.34030
2018-10-15,11.35900
2018-10-16,11.40470
2018-10-17,11.33080
2018-10-19,11.26170
2018-10-22,11.23590
2018-10-23,11.19220
2018-10-24,11.23680
2018-10-25,11.19470
2018-10-26,11.16100
2018-10-29,11.27020
2018-10-30,11.26090
2018-10-31,11.34950
2018-11-01,11.35350
2018-11-02,11.44190
2018-11-05,11.43730
2018-11-06,11.43230
2018-11-09,11.46030
2018-11-12,11.40780
2018-11-13,11.45310
2018-11-14,11.44490
2018-11-15,11.46910
2018-11-16,11.50260
2018-11-19,11.53400
2018-11-20,11.48630
2018-11-21,11.46950
2018-11-22,11.43180
2018-11-26,11.47650
2018-11-27,11.49870
2018-11-28,11.51400
2018-11-29,11.57310
2018-11-30,11.58970
2018-12-03,11.59260
2018-12-04,11.57980
2018-12-05,11.53310
2018-12-06,11.44590
2018-12-07,11.48400
2018-12-10,11.39960
2018-12-11,11.42580
2018-12-12,11.50240
2018-12-13,11.52480
2018-12-14,11.53680
2018-12-17,11.56200
2018-12-18,11.57670
2018-12-19,11.62340
2018-12-20,11.61360
2018-12-21,11.56060
2018-12-24,11.52540
2018-12-26,11.53830
2018-12-27,11.55690
2018-12-28,11.58600
2018-12-31,11.59030
2019-01-01,11.59930
2019-01-02,11.56630
2019-01-03,11.52720
2019-01-04,11.53880
2019-01-07,11.55590
2019-01-08,11.56480
2019-01-09,11.58780
2019-01-10,11.57850
2019-01-11,11.57160
2019-01-14,11.55020
2019-01-15,11.58790
2019-01-16,11.59530
2019-01-17,11.60730
2019-01-18,11.59390
2019-01-21,11.60200
2019-01-22,11.59550
2019-01-23,11.56850
2019-01-24,11.57310
2019-01-25,11.54720
2019-01-28,11.49470
2019-01-29,11.49420
2019-01-30,11.51220
2019-01-31,11.57300
2019-02-01,11.58950
2019-02-04,11.58480
2019-02-05,11.58980
2019-02-06,11.63050
2019-02-07,11.65580
2019-02-08,11.62370
2019-02-11,11.60080
2019-02-12,11.58100
2019-02-13,11.56940
2019-02-14,11.55290
2019-02-15,11.52780
2019-02-18,11.49830
2019-02-19,11.51130
2019-02-20,11.55320
2019-02-21,11.57300
2019-02-22,11.58030
2019-02-25,11.61590
2019-02-26,11.61640
2019-02-27,11.61370
2019-02-28,11.60080
2019-03-01,11.63080
2019-03-05,11.70460
2019-03-06,11.72640
2019-03-07,11.72330
2019-03-08,11.72340
2019-03-11,11.79700
2019-03-12,11.84150
2019-03-13,11.85100
2019-03-14,11.84180
2019-03-15,11.86970
2019-03-18,11.88770
2019-03-19,11.91000
2019-03-20,11.90690
2019-03-22,11.88000
2019-03-25,11.82590
2019-03-26,11.88120
2019-03-27,11.87980
2019-03-28,11.94630
2019-03-29,11.99390
2019-04-01,12.04670
2019-04-02,12.07680
2019-04-03,12.03960
2019-04-04,12.01550
2019-04-05,12.04490
2019-04-08,12.02010
2019-04-09,12.03440
2019-04-10,12.00260
2019-04-11,12.00690
2019-04-12,12.02550
2019-04-15,12.07320
2019-04-16,12.11690
2019-04-18,12.11050
2019-04-22,12.03390
2019-04-23,12.02040
2019-04-24,12.07980
2019-04-25,12.05450
2019-04-26,12.10240
2019-04-30,12.10760
2019-05-02,12.09610
2019-05-03,12.08670
2019-05-06,12.03340
2019-05-07,11.98560
2019-05-08,11.90840
2019-05-09,11.88520
2019-05-10,11.87480
2019-05-13,11.80750
2019-05-14,11.83220
2019-05-15,11.81340
2019-05-16,11.84140
2019-05-17,11.92880
2019-05-20,12.12710
2019-05-21,12.04820
2019-05-22,12.06700
2019-05-23,12.03580
2019-05-24,12.15220
2019-05-27,12.22350
2019-05-28,12.21920
2019-05-29,12.18850
2019-05-30,12.23830
2019-05-31,12.25100
2019-06-03,12.31920
2019-06-04,12.28360
2019-06-06,12.20790
2019-06-07,12.21660
2019-06-10,12.23320
2019-06-11,12.24280
2019-06-12,12.21250
2019-06-13,12.22170
2019-06-14,12.17260
2019-06-17,12.09410
2019-06-18,12.10500
2019-06-19,12.09110
2019-06-20,12.15180
2019-06-21,12.10330
2019-06-24,12.08730
2019-06-25,12.13540
2019-06-26,12.16660
2019-06-27,12.16910
2019-06-28,12.15820
2019-07-01,12.19640
2019-07-02,12.22290
2019-07-03,12.22520
2019-07-04,12.25180
2019-07-05,12.19240
2019-07-08,12.06780
2019-07-09,12.06630
2019-07-10,12.02210
2019-07-11,12.06360
2019-07-12,12.05850
2019-07-15,12.07120
2019-07-16,12.10960
2019-07-17,12.13110
2019-07-18,12.08060
2019-07-19,12.00040
2019-07-22,11.96560
2019-07-23,11.96090
2019-07-24,11.93280
2019-07-25,11.92960
2019-07-26,11.96040
2019-07-29,11.92770
2019-07-30,11.87230
2019-07-31,11.90260
2019-08-01,11.81950
2019-08-02,11.83680
2019-08-05,11.77500
2019-08-06,11.83580
2019-08-07,11.79780
2019-08-08,11.87160
2019-08-09,11.93270
2019-08-13,11.82220
2019-08-14,11.90560
2019-08-16,11.93320
2019-08-19,11.92470
2019-08-20,11.90580
2019-08-21,11.86490
2019-08-22,11.78690
2019-08-23,11.81920
2019-08-26,11.95600
2019-08-27,11.99550
2019-08-28,11.97520
2019-08-29,11.91770
2019-08-30,11.96750
2019-09-03,11.84570
2019-09-04,11.86590
2019-09-05,11.86090
2019-09-06,11.92420
2019-09-09,11.97180
2019-09-11,11.99240
2019-09-12,11.97420
2019-09-13,12.01460
2019-09-16,11.99100
2019-09-17,11.88930
2019-09-18,11.91400
2019-09-19,11.85310
2019-09-20,12.15440
2019-09-23,12.34700
2019-09-24,12.32540
2019-09-25,12.25070
2019-09-26,12.32440
2019-09-27,12.31530
2019-09-30,12.30640
2019-10-01,12.23850
2019-10-03,12.20950
2019-10-04,12.13440
2019-10-07,12.10870
2019-10-09,12.19460
2019-10-10,12.15670
2019-10-11,12.18950
2019-10-14,12.21650
2019-10-15,12.24210
2019-10-16,12.26420
2019-10-17,12.34980
2019-10-18,12.40710
2019-10-22,12.37230
2019-10-23,12.37730
2019-10-24,12.37400
2019-10-25,12.35900
2019-10-29,12.46190
2019-10-30,12.49650
2019-10-31,12.51450
2019-11-01,12.51190
2019-11-04,12.52840
2019-11-05,12.51740
2019-11-06,12.53840
2019-11-07,12.54990
2019-11-08,12.50260
2019-11-11,12.50880
2019-11-13,12.49030
2019-11-14,12.50830
2019-11-15,12.51220
2019-11-18,12.52100
2019-11-19,12.52930
2019-11-20,12.54520
2019-11-21,12.53530
2019-11-22,12.50900
2019-11-25,12.59060
2019-11-26,12.56500
2019-11-27,12.59570
2019-11-28,12.61410
2019-11-29,12.59130
2019-12-02,12.58010
2019-12-03,12.56710
2019-12-04,12.60360
2019-12-05,12.57620
2019-12-06,12.52470
2019-12-09,12.53070
2019-12-10,12.49140
2019-12-11,12.50390
2019-12-12,12.53570
2019-12-13,12.58900
2019-12-16,12.57290
2019-12-17,12.62940
2019-12-18,12.65070
2019-12-19,12.67320
2019-12-20,12.69400
2019-12-23,12.70450
2019-12-24,12.68380
2019-12-26,12.65800
2019-12-27,12.71860
2019-12-30,12.72270
2019-12-31,12.68090
2020-01-01,12.68260
2020-01-02,12.74280
2020-01-03,12.72600
2020-01-06,12.59940
2020-01-07,12.64000
2020-01-08,12.63120
2020-01-09,12.72340
2020-01-10,12.74630
2020-01-13,12.78040
2020-01-14,12.79000
2020-01-15,12.79570
2020-01-16,12.81980
2020-01-17,12.84470
2020-01-20,12.79450
2020-01-21,12.77820
2020-01-22,12.76880
2020-01-23,12.81000
2020-01-24,12.85380
2020-01-27,12.81060
2020-01-28,12.77080
2020-01-29,12.80550
2020-01-30,12.75550
2020-01-31,12.73160
2020-02-03,12.63560
2020-02-04,12.77990
2020-02-05,12.82620
2020-02-06,12.85380
2020-02-07,12.85220
2020-02-10,12.82960
2020-02-11,12.87740
2020-02-12,12.90770
2020-02-13,12.90160
2020-02-14,12.86230
2020-02-17,12.84640
2020-02-18,12.82830
2020-02-19,12.89200
2020-02-20,12.86850
2020-02-24,12.74430
2020-02-25,12.72100
2020-02-26,12.66330
2020-02-27,12.64090
2020-02-28,12.43480
2020-03-02,12.37400
2020-03-03,12.45730
2020-03-04,12.41410
2020-03-05,12.42670
2020-03-06,12.30330
2020-03-09,12.02320
2020-03-11,12.02530
2020-03-12,11.57680
2020-03-13,11.73420
2020-03-16,11.37600
2020-03-17,11.22490
2020-03-18,10.92400
2020-03-19,10.78160
2020-03-20,11.00570
2020-03-23,10.38880
2020-03-24,10.45480
2020-03-25,10.74480
2020-03-26,10.95520
2020-03-27,10.99940
2020-03-30,10.79320
2020-03-31,10.99570
2020-04-01,10.81130
2020-04-03,10.68240
2020-04-07,11.09140
2020-04-08,11.08400
2020-04-09,11.30790
2020-04-13,11.24330
2020-04-15,11.20880
2020-04-16,11.25110
2020-04-17,11.44380
2020-04-20,11.43370
2020-04-21,11.27030
2020-04-22,11.38260
2020-04-23,11.45580
2020-04-24,11.31830
2020-04-27,11.40940
2020-04-28,11.46890
2020-04-29,11.55410
2020-04-30,11.73520
2020-05-04,11.42610
2020-05-05,11.35670
2020-05-06,11.39830
2020-05-07,11.35440
2020-05-08,11.38580
2020-05-11,11.37970
2020-05-12,11.36400
2020-05-13,11.47180
2020-05-14,11.35620
2020-05-15,11.35820
2020-05-18,11.16910
2020-05-19,11.21990
2020-05-20,11.31440
2020-05-21,11.35590
2020-05-22,11.32680
2020-05-26,11.32560
2020-05-27,11.45000
2020-05-28,11.53650
2020-05-29,11.60630
2020-06-01,11.72530
2020-06-02,11.80860
2020-06-03,11.85250
2020-06-04,11.83440
2020-06-05,11.90680
2020-06-08,11.93280
2020-06-09,11.86070
2020-06-10,11.88610
2020-06-11,11.76820
2020-06-12,11.81990
2020-06-15,11.74210
2020-06-16,11.78100
2020-06-17,11.78600
2020-06-18,11.89170
2020-06-19,11.98010
2020-06-22,12.06090
2020-06-23,12.16020
2020-06-24,12.06760
2020-06-25,12.06250
2020-06-26,12.08790
2020-06-29,12.04150
2020-06-30,12.06840
2020-07-01,12.12690
2020-07-02,12.17700
2020-07-03,12.22580
2020-07-06,12.29460
2020-07-07,12.34190
2020-07-08,12.29810
2020-07-09,12.35710
2020-07-10,12.32410
2020-07-13,12.36300
2020-07-14,12.24900
2020-07-15,12.24340
2020-07-16,12.31090
2020-07-17,12.38640
2020-07-20,12.45330
2020-07-21,12.52510
2020-07-22,12.52830
2020-07-23,12.57610
2020-07-24,12.55240
2020-07-27,12.50560
2020-07-28,12.56430
2020-07-29,12.51950
2020-07-30,12.48780
2020-07-31,12.49730
2020-08-03,12.40670
2020-08-04,12.50350
2020-08-05,12.51710
2020-08-06,12.55360
2020-08-07,12.57700
2020-08-10,12.59780
2020-08-11,12.61820
2020-08-12,12.63110
2020-08-13,12.63390
2020-08-14,12.56110
2020-08-17,12.61470
2020-08-18,12.69140
2020-08-19,12.71500
2020-08-20,12.67160
2020-08-21,12.71060
2020-08-24,12.75060
2020-08-25,12.78880
2020-08-26,12.83780
2020-08-27,12.85270
2020-08-28,12.89310
2020-08-31,12.72700
2020-09-01,12.78630
2020-09-02,12.83060
2020-09-03,12.83310
2020-09-04,12.74670
2020-09-07,12.75100
2020-09-08,12.73800
2020-09-09,12.70890
2020-09-10,12.78950
2020-09-11,12.79320
2020-09-14,12.82250
2020-09-15,12.85160
2020-09-16,12.88300
2020-09-17,12.84290
2020-09-18,12.84090
2020-09-21,12.69550
2020-09-22,12.62350
2020-09-23,12.62610
2020-09-24,12.47600
2020-09-25,12.59840
2020-09-28,12.68840
2020-09-29,12.68750
2020-09-30,12.68480
2020-10-01,12.77490
2020-10-05,12.79160
2020-10-06,12.86410
2020-10-07,12.89250
2020-10-08,12.91000
2020-10-09,12.94520
2020-10-12,12.94500
2020-10-13,12.95070
2020-10-14,12.98340
2020-10-15,12.85940
2020-10-16,12.89400
2020-10-19,12.95360
2020-10-20,12.96960
2020-10-21,12.98560
2020-10-22,12.97390
2020-10-23,13.02120
2020-10-26,12.96970
2020-10-27,13.05470
2020-10-28,12.99200
2020-10-29,12.96540
2020-10-30,12.96220
2020-11-02,12.97980
2020-11-03,13.02550
2020-11-04,13.06620
2020-11-05,13.18230
2020-11-06,13.23120
2020-11-09,13.30910
2020-11-10,13.39450
2020-11-11,13.44040
2020-11-12,13.43030
2020-11-13,13.46000
2020-11-17,13.55950
2020-11-18,13.60000
2020-11-19,13.52610
2020-11-20,13.58490
2020-11-23,13.61000
2020-11-24,13.66050
2020-11-25,13.57890
2020-11-26,13.64950
2020-11-27,13.66170
2020-12-01,13.72450
2020-12-02,13.73480
2020-12-03,13.77870
2020-12-04,13.83750
2020-12-07,13.88120
2020-12-08,13.88240
2020-12-09,13.92980
2020-12-10,13.92090
2020-12-11,13.93480
2020-12-14,13.94620
2020-12-15,13.95420
2020-12-16,14.00510
2020-12-17,14.03490
2020-12-18,14.04200
2020-12-21,13.85170
2020-12-22,13.89910
2020-12-23,13.96770
2020-12-24,14.04390
2020-12-28,14.11640
2020-12-29,14.13460
2020-12-30,14.17000
2020-12-31,14.18980
2021-01-01,14.26120
2021-01-04,14.31620
2021-01-05,14.35960
2021-01-06,14.36570
2021-01-07,14.40030
2021-01-08,14.49120
2021-01-11,14.53050
2021-01-12,14.55060
2021-01-13,14.53190
2021-01-14,14.53070
2021-01-15,14.46490
2021-01-18,14.39190
2021-01-19,14.50070
2021-01-20,14.56480
2021-01-21,14.54660
2021-01-22,14.43950
2021-01-25,14.37490
2021-01-27,14.26470
2021-01-28,14.22090
2021-01-29,14.14180
2021-02-01,14.40650
2021-02-02,14.53950
2021-02-03,14.59770
2021-02-04,14.64890
2021-02-05,14.65260
2021-02-08,14.72550
2021-02-09,14.74630
2021-02-10,14.77100
2021-02-11,14.81310
2021-02-12,14.79120
2021-02-15,14.84070
2021-02-16,14.82600
2021-02-17,14.80100
2021-02-18,14.79300
2021-02-19,14.72740
2021-02-22,14.58710
2021-02-23,14.61440
2021-02-24,14.72880
2021-02-25,14.77070
2021-02-26,14.54230
2021-03-01,14.62360
2021-03-02,14.68440
2021-03-03,14.81410
2021-03-04,14.77950
2021-03-05,14.70940
2021-03-08,14.70140
2021-03-09,14.75920
2021-03-10,14.79870
2021-03-12,14.74000
2021-03-15,14.67270
2021-03-16,14.66680
2021-03-17,14.56830
2021-03-18,14.52340
2021-03-19,14.59400
2021-03-22,14.60270
2021-03-23,14.64160
2021-03-24,14.53290
2021-03-25,14.42430
2021-03-26,14.52440
2021-03-30,14.64170
2021-03-31,14.60350
2021-04-01,14.66400
2021-04-05,14.57930
2021-04-06,14.61070
2021-04-07,14.66530
2021-04-08,14.70550
2021-04-09,14.67520
2021-04-12,14.43160
2021-04-13,14.52700
2021-04-15,14.55140
2021-04-16,14.58450
2021-04-19,14.48520
2021-04-20,14.51390
2021-04-22,14.55750
2021-04-23,14.53900
2021-04-26,14.60750
2021-04-27,14.67390
2021-04-28,14.76750
2021-04-29,14.79100
2021-04-30,14.70110
2021-05-03,14.72140
2021-05-04,14.67710
2021-05-05,14.72610
2021-05-06,14.76550
2021-05-07,14.78750
2021-05-10,14.82830
2021-05-11,14.80680
2021-05-12,14.74350
2021-05-14,14.73910
2021-05-17,14.81180
2021-05-18,14.88670
2021-05-19,14.88360
2021-05-20,14.85340
2021-05-21,14.95740
2021-05-24,14.96990
2021-05-25,14.98810
2021-05-26,15.02760
2021-05-27,15.05820
2021-05-28,15.08670
2021-05-31,15.15000
2021-06-01,15.11820
2021-06-02,15.13310
2021-06-03,15.19940
2021-06-04,15.20210
2021-06-07,15.22900
2021-06-08,15.23110
2021-06-09,15.18880
2021-06-10,15.24390
2021-06-11,15.25860
2021-06-14,15.26250
2021-06-15,15.29910
2021-06-16,15.25580
2021-06-17,15.22880
2021-06-18,15.23330
2021-06-21,15.25550
2021-06-22,15.27790
2021-06-23,15.26420
2021-06-24,15.30030
2021-06-25,15.33220
2021-06-28,15.29780
2021-06-29,15.26540
2021-06-30,15.25870
2021-07-01,15.24590
2021-07-02,15.28440
2021-07-05,15.32320
2021-07-06,15.31770
2021-07-07,15.34650
2021-07-08,15.30840
2021-07-09,15.29940
2021-07-12,15.31810
2021-07-13,15.37200
2021-07-14,15.38300
2021-07-15,15.39280
2021-07-16,15.40050
2021-07-19,15.34690
2021-07-20,15.29940
2021-07-22,15.37650
2021-07-23,15.39400
2021-07-26,15.39110
2021-07-27,15.37660
2021-07-28,15.35940
2021-07-29,15.35970
2021-07-30,15.34880
2021-08-02,15.39180
2021-08-03,15.49010
2021-08-04,15.51980
2021-08-05,15.50390
2021-08-06,15.48770
2021-08-09,15.48280
2021-08-10,15.47670
2021-08-11,15.47150
2021-08-12,15.52260
2021-08-13,15.56580
2021-08-16,15.56950
2021-08-17,15.57890
2021-08-18,15.56360
2021-08-20,15.52420
2021-08-23,15.50860
2021-08-24,15.55580
2021-08-25,15.54810
2021-08-26,15.55780
2021-08-27,15.59160
2021-08-30,15.66540
2021-08-31,15.74190
2021-09-01,15.74130
2021-09-02,15.79090
2021-09-03,15.81210
2021-09-06,15.82070
2021-09-07,15.84240
2021-09-08,15.84730
2021-09-09,15.84800
2021-09-13,15.84130
2021-09-14,15.85900
2021-09-15,15.88160
2021-09-16,15.91040
2021-09-17,15.89970
2021-09-20,15.85290
2021-09-21,15.88750
2021-09-22,15.88760
2021-09-23,15.96030
2021-09-24,15.95560
2021-09-27,15.94620
2021-09-28,15.90530
2021-09-29,15.88310
2021-09-30,15.87040
2021-10-01,15.85700
2021-10-04,15.89900
2021-10-05,15.93540
2021-10-06,15.89810
2021-10-07,15.96450
2021-10-08,15.98000
2021-10-11,16.01100
2021-10-12,16.03430
2021-10-13,16.05430
2021-10-14,16.08140
2021-10-18,16.11390
2021-10-19,16.08640
2021-10-20,16.02940
2021-10-21,16.01560
2021-10-22,16.00780
2021-10-25,15.98820
2021-10-26,16.04340
2021-10-27,16.03390
2021-10-28,15.97960
2021-10-29,15.95120
2021-11-01,16.01060
2021-11-02,16.04320
2021-11-03,16.05820
2021-11-08,16.11480
2021-11-09,16.12980
2021-11-10,16.17520
2021-11-11,16.13640
2021-11-12,16.22880
2021-11-15,16.23020
2021-11-16,16.22410
2021-11-17,16.19450
2021-11-18,16.14830
2021-11-22,16.03410
2021-11-23,16.06890
2021-11-24,16.06260
2021-11-25,16.08520
2021-11-26,15.94110
2021-11-29,15.93350
2021-11-30,15.96270
2021-12-01,15.99410
2021-12-02,16.05030
2021-12-03,15.99360
2021-12-06,15.91360
2021-12-07,15.97290
2021-12-08,16.05790
2021-12-09,16.06860
2021-12-10,16.07340
2021-12-13,16.04470
2021-12-14,16.03700
2021-12-15,16.01590
2021-12-16,16.01160
2021-12-17,15.93380
2021-12-20,15.81280
2021-12-21,15.84440
2021-12-22,15.90480
2021-12-23,15.97730
2021-12-24,15.94700
2021-12-27,15.96190
2021-12-28,16.00560
2021-12-29,16.02290
2021-12-30,16.01820
2021-12-31,16.06700
2022-01-03,16.13700
2022-01-04,16.18520
2022-01-05,16.22420
2022-01-06,16.18950
2022-01-07,16.22080
2022-01-10,16.26350
2022-01-11,16.26750
2022-01-12,16.34610
2022-01-13,16.34450
2022-01-14,16.34770
2022-01-17,16.38420
2022-01-18,16.32490
2022-01-19,16.27950
2022-01-20,16.25560
2022-01-21,16.19950
2022-01-24,16.01870
2022-01-25,16.05650
2022-01-27,16.01060
2022-01-28,16.00290
2022-01-31,16.06350
2022-02-01,16.14880
2022-02-02,16.21860
2022-02-03,16.16900
2022-02-04,16.16900
2022-02-07,16.08160
2022-02-08,16.10070
2022-02-09,16.17340
2022-02-10,16.20780
2022-02-11,16.12810
2022-02-14,15.93830
2022-02-15,16.08870
2022-02-16,16.10390
2022-02-17,16.08540
2022-02-18,16.05580
2022-02-21,16.00180
2022-02-22,15.95060
2022-02-23,15.95020
2022-02-24,15.68000
2022-02-25,15.85030
2022-02-28,15.89870
2022-03-02,15.84550
2022-03-03,15.80070
2022-03-04,15.69010
2022-03-07,15.50640
2022-03-08,15.56700
2022-03-09,15.67950
2022-03-10,15.80220
2022-03-11,15.82150
2022-03-14,15.88890
2022-03-15,15.83740
2022-03-16,15.93100
2022-03-17,16.02140
2022-03-21,15.97230
2022-03-22,16.00730
2022-03-23,16.00240
2022-03-24,15.99620
2022-03-25,15.99340
2022-03-28,15.99360
2022-03-29,16.05250
2022-03-30,16.11940
2022-03-31,16.11400
2022-04-01,16.17280
2022-04-04,16.26730
2022-04-05,16.28350
2022-04-06,16.26760
2022-04-07,16.23610
2022-04-08,16.28790
2022-04-11,16.28990
2022-04-12,16.23440
2022-04-13,16.22150
2022-04-18,16.17960
2022-04-19,16.10720
2022-04-20,16.16220
2022-04-21,16.24400
2022-04-22,16.17190
2022-04-25,16.09090
2022-04-26,16.15130
2022-04-27,16.07780
2022-04-28,16.12960
2022-04-29,16.08100
2022-05-02,16.07090
2022-05-04,15.87430
2022-05-05,15.88500
2022-05-06,15.76170
2022-05-09,15.70470
2022-05-10,15.63560
2022-05-11,15.60700
2022-05-12,15.47710
2022-05-13,15.46070
2022-05-16,15.52290
2022-05-17,15.69340
2022-05-18,15.69830
2022-05-19,15.55150
2022-05-20,15.69370
2022-05-23,15.66100
2022-05-24,15.60640
2022-05-25,15.55040
2022-05-26,15.62230
2022-05-27,15.69630
2022-05-30,15.78300
2022-05-31,15.80590
2022-06-01,15.79440
2022-06-02,15.82260
2022-06-03,15.73960
2022-06-06,15.72200
2022-06-07,15.68590
2022-06-08,15.66670
2022-06-09,15.69760
2022-06-10,15.62610
2022-06-13,15.45140
2022-06-14,15.43720
2022-06-15,15.45880
2022-06-16,15.32960
2022-06-17,15.26640
2022-06-20,15.18930
2022-06-21,15.29420
2022-06-22,15.24460
2022-06-23,15.29430
2022-06-24,15.36130
2022-06-27,15.41230
2022-06-28,15.42240
2022-06-29,15.41540
2022-06-30,15.42250
2022-07-01,15.40740
2022-07-04,15.45430
2022-07-05,15.47010
2022-07-06,15.52480
2022-07-07,15.60180
2022-07-08,15.62370
2022-07-11,15.63850
2022-07-12,15.62740
2022-07-13,15.60770
2022-07-14,15.60330
2022-07-15,15.63930
2022-07-18,15.71320
2022-07-19,15.77170
2022-07-20,15.80710
2022-07-21,15.87280
2022-07-22,15.87570
2022-07-25,15.88630
2022-07-26,15.81850
2022-07-27,15.85670
2022-07-28,15.90000
2022-07-29,15.98730
2022-08-01,16.07660
2022-08-02,16.09580
2022-08-03,16.06550
2022-08-04,16.06500
2022-08-05,16.07270
2022-08-08,16.11470
2022-08-10,16.07780
2022-08-11,16.10480
2022-08-12,16.09130
2022-08-16,16.16790
2022-08-17,16.18790
2022-08-18,16.19740
2022-08-19,16.13540
2022-08-22,16.05940
2022-08-23,16.11260
2022-08-24,16.15570
2022-08-25,16.15790
2022-08-26,16.15880
2022-08-29,16.10110
2022-08-30,16.22230
2022-09-01,16.24250
2022-09-02,16.25020
2022-09-05,16.30060
2022-09-06,16.30630
2022-09-07,16.32970
2022-09-08,16.37630
2022-09-09,16.40440
2022-09-12,16.46380
2022-09-13,16.51740
2022-09-14,16.54590
2022-09-15,16.53280
2022-09-16,16.41880
2022-09-19,16.40470
2022-09-20,16.44410
2022-09-21,16.44390
2022-09-22,16.44790
2022-09-23,16.33460
2022-09-26,16.15220
2022-09-27,16.17070
2022-09-28,16.13810
2022-09-29,16.15610
2022-09-30,16.24500
2022-10-03,16.21770
2022-10-04,16.36640
2022-10-06,16.44260
2022-10-07,16.42420
2022-10-10,16.39150
2022-10-11,16.30810
2022-10-12,16.37170
2022-10-13,16.32500
2022-10-14,16.33650
2022-10-17,16.37670
2022-10-18,16.42770
2022-10-19,16.44980
2022-10-20,16.40700
2022-10-21,16.36870
2022-10-25,16.44630
2022-10-27,16.46750
2022-10-28,16.43850
2022-10-31,16.47670
2022-11-01,16.50360
2022-11-02,16.50160
2022-11-03,16.48640
2022-11-04,16.49990
2022-11-07,16.49770
2022-11-09,16.47750
2022-11-10,16.38490
2022-11-11,16.36930
2022-11-14,16.32550
2022-11-15,16.36250
2022-11-16,16.37480
2022-11-17,16.34650
2022-11-18,16.34710
2022-11-21,16.32690
2022-11-22,16.33160
2022-11-23,16.36500
2022-11-24,16.41290
2022-11-25,16.43170
2022-11-28,16.45530
2022-11-29,16.45970
2022-11-30,16.50400
2022-12-01,16.53930
2022-12-02,16.52150
2022-12-05,16.52550
2022-12-06,16.48510
2022-12-07,16.46870
2022-12-08,16.51710
2022-12-09,16.49790
2022-12-12,16.50850
2022-12-13,16.53600
2022-12-14,16.56890
2022-12-15,16.53390
2022-12-16,16.46800
2022-12-19,16.48610
2022-12-20,16.47880
2022-12-21,16.36470
2022-12-22,16.28840
2022-12-23,16.11450
2022-12-26,16.24350
2022-12-27,16.31580
2022-12-28,16.33860
2022-12-29,16.38690
2022-12-30,16.36550
2023-01-02,16.39190
2023-01-03,16.38890
2023-01-04,16.35490
2023-01-05,16.34700
2023-01-06,16.30470
2023-01-09,16.39020
2023-01-10,16.35710
2023-01-11,16.37410
2023-01-12,16.38120
2023-01-13,16.40910
2023-01-16,16.40930
2023-01-17,16.40970
2023-01-18,16.42560
2023-01-19,16.42230
2023-01-20,16.37480
2023-01-23,16.41260
2023-01-24,16.39040
2023-01-25,16.34230
2023-01-27,16.25760
2023-01-30,16.23230
2023-01-31,16.29820
2023-02-01,16.24310
2023-02-02,16.24530
2023-02-03,16.28940
2023-02-06,16.29300
2023-02-07,16.31710
2023-02-08,16.33460
2023-02-09,16.34090
2023-02-10,16.36410
2023-02-13,16.35780
2023-02-14,16.35190
2023-02-15,16.38910
2023-02-16,16.39000
2023-02-17,16.37300
2023-02-20,16.38620
2023-02-21,16.36710
2023-02-22,16.27350
2023-02-23,16.28080
2023-02-24,16.27160
2023-02-27,16.23200
2023-02-28,16.23270
2023-03-01,16.32100
2023-03-02,16.27930
2023-03-03,16.32660
2023-03-06,16.36920
2023-03-08,16.37240
2023-03-09,16.34160
2023-03-10,16.30650
2023-03-13,16.22810
2023-03-14,16.18560
2023-03-15,16.21070
2023-03-16,16.19030
2023-03-17,16.21420
2023-03-20,16.16920
2023-03-21,16.21810
2023-03-22,16.26930
2023-03-23,16.27500
2023-03-24,16.21380
2023-03-27,16.17290
2023-03-28,16.11930
2023-03-29,16.21040
2023-03-31,16.30420
2023-04-03,16.35090
2023-04-05,16.37020
2023-04-06,16.39820
2023-04-10,16.41230
2023-04-11,16.49300
2023-04-12,16.51950
2023-04-13,16.52440
2023-04-17,16.51360
2023-04-18,16.52930
2023-04-19,16.53860
2023-04-20,16.54120
2023-04-21,16.54750
2023-04-24,16.54750
2023-04-25,16.57850
2023-04-26,16.61160
2023-04-27,16.64400
2023-04-28,16.69690
2023-05-02,16.72280
2023-05-03,16.72730
2023-05-04,16.81330
2023-05-05,16.80500
2023-05-08,16.86430
2023-05-09,16.84290
2023-05-10,16.87620
2023-05-11,16.87440
2023-05-12,16.88220
2023-05-15,16.92090
2023-05-16,16.91360
2023-05-17,16.90420
2023-05-18,16.91510
2023-05-19,16.92280
2023-05-22,16.94810
2023-05-23,16.94400
2023-05-24,16.92130
2023-05-25,16.92830
2023-05-26,17.00180
2023-05-29,17.02330
2023-05-30,17.04770
2023-05-31,17.10620
2023-06-01,17.09300
2023-06-02,17.12850
2023-06-05,17.18460
2023-06-06,17.24210
2023-06-07,17.29570
2023-06-08,17.28750
2023-06-09,17.27690
2023-06-12,17.31440
2023-06-13,17.37360
2023-06-14,17.35640
2023-06-15,17.34910
2023-06-16,17.39580
2023-06-19,17.36720
2023-06-20,17.41010
2023-06-21,17.46840
2023-06-22,17.48100
2023-06-23,17.44070
2023-06-26,17.45020
2023-06-27,17.47830
2023-06-28,17.51050
2023-06-30,17.56790
2023-07-03,17.59630
2023-07-04,17.59580
2023-07-05,17.64560
2023-07-06,17.66110
2023-07-07,17.65340
2023-07-10,17.63220
2023-07-11,17.66800
2023-07-12,17.70910
2023-07-13,17.71450
2023-07-14,17.75010
2023-07-17,17.79150
2023-07-18,17.76900
2023-07-19,17.79330
2023-07-20,17.83990
2023-07-21,17.83440
2023-07-24,17.81880
2023-07-25,17.85370
2023-07-26,17.85240
2023-07-27,17.85880
2023-07-28,17.88010
2023-07-31,17.94870
2023-08-01,17.96090
2023-08-02,17.89550
2023-08-03,17.84220
2023-08-04,17.88490
2023-08-07,17.91510
2023-08-08,17.98190
2023-08-09,18.05880
2023-08-10,18.03980
2023-08-11,18.03490
2023-08-14,17.99540
2023-08-16,17.99740
2023-08-17,17.99720
2023-08-18,18.01180
2023-08-21,18.03580
2023-08-22,18.09120
2023-08-23,18.11840
2023-08-24,18.14690
2023-08-25,18.11330
2023-08-28,18.17330
2023-08-29,18.24560
2023-08-30,18.31910
2023-08-31,18.36020
2023-09-01,18.39120
2023-09-04,18.40990
2023-09-05,18.41410
2023-09-06,18.41930
2023-09-07,18.47670
2023-09-08,18.52930
2023-09-11,18.58040
2023-09-12,18.45290
2023-09-13,18.46030
2023-09-14,18.50980
2023-09-15,18.51830
2023-09-18,18.54410
2023-09-20,18.50760
2023-09-21,18.45400
2023-09-22,18.48820
2023-09-25,18.49230
2023-09-26,18.52170
2023-09-27,18.53750
2023-09-29,18.55200
2023-10-03,18.57880
2023-10-04,18.52120
2023-10-05,18.56340
2023-10-06,18.59420
2023-10-09,18.48690
2023-10-10,18.56020
2023-10-11,18.59040
2023-10-12,18.63530
2023-10-13,18.64830
2023-10-16,18.66090
2023-10-17,18.69010
2023-10-18,18.66940
2023-10-19,18.67160
2023-10-20,18.61940
2023-10-23,18.43040
2023-10-25,18.37690
2023-10-26,18.32070
2023-10-27,18.42560
2023-10-30,18.41510
2023-10-31,18.40970
2023-11-01,18.36550
2023-11-02,18.39290
2023-11-03,18.44320
2023-11-06,18.51450
2023-11-07,18.54580
2023-11-08,18.53240
2023-11-09,18.53590
2023-11-10,18.57490
2023-11-13,18.59650
2023-11-15,18.67550
2023-11-16,18.72510
2023-11-17,18.75820
2023-11-20,18.74510
2023-11-21,18.76920
2023-11-22,18.76060
2023-11-23,18.78240
2023-11-24,18.79700
2023-11-28,18.81110
2023-11-29,18.84820
2023-11-30,18.89160
2023-12-01,18.93710
2023-12-04,19.01650
2023-12-05,19.01160
2023-12-06,19.00740
2023-12-07,19.01750
2023-12-08,19.00710
2023-12-11,19.05960
2023-12-12,19.03530
2023-12-13,19.09530
2023-12-14,19.17610
2023-12-15,19.22080
2023-12-18,19.23110
2023-12-19,19.23480
2023-12-20,19.09900
2023-12-21,19.15070
2023-12-22,19.19200
2023-12-26,19.20370
2023-12-27,19.23450
2023-12-28,19.23110
2023-12-29,19.23350
2024-01-01,19.26350
2024-01-02,19.28490
2024-01-03,19.29240
2024-01-04,19.36330
2024-01-05,19.37620
2024-01-08,19.33070
2024-01-09,19.34450
2024-01-10,19.35290
2024-01-11,19.44390
2024-01-12,19.48900
2024-01-15,19.48100
2024-01-16,19.47380
2024-01-17,19.39170
2024-01-18,19.38630
2024-01-19,19.45160
2024-01-23,19.35180
2024-01-24,19.41730
2024-01-25,19.39730
2024-01-29,19.50720
2024-01-30,19.45940
2024-01-31,19.58880
2024-02-01,19.58920
2024-02-02,19.60920
2024-02-05,19.54100
2024-02-06,19.61070
2024-02-07,19.65090
2024-02-08,19.60360
2024-02-09,19.57320
2024-02-12,19.48040
2024-02-13,19.51620
2024-02-14,19.56330
2024-02-15,19.61600
2024-02-16,19.67410
2024-02-19,19.70160
2024-02-20,19.70770
2024-02-21,19.67110
2024-02-22,19.69310
2024-02-23,19.74510
2024-02-26,19.74680
2024-02-27,19.72820
2024-02-28,19.65500
2024-02-29,19.64640
2024-03-01,19.71380
2024-03-04,19.72060
2024-03-05,19.70900
2024-03-06,19.67400
2024-03-07,19.70020
2024-03-11,19.64560
2024-03-12,19.54220
2024-03-13,19.33530
2024-03-14,19.42520
2024-03-15,19.42780
2024-03-18,19.45610
2024-03-19,19.41150
2024-03-20,19.39100
2024-03-21,19.48370
2024-03-22,19.52760
2024-03-26,19.53640
2024-03-27,19.58510
2024-03-28,19.63390
2024-03-31,19.63560
2024-04-01,19.76060
2024-04-02,19.78510
2024-04-03,19.84230
2024-04-04,19.86350
2024-04-05,19.89280
2024-04-08,19.91800
2024-04-09,19.90140
2024-04-10,19.93600
2024-04-12,19.88490
2024-04-15,19.79350
2024-04-16,19.80110
2024-04-18,19.76930
2024-04-19,19.77350
2024-04-22,19.84980
2024-04-23,19.90470
2024-04-24,19.96890
2024-04-25,20.01220
2024-04-26,19.99750
2024-04-29,20.03070
2024-04-30,20.05570
2024-05-02,20.05770
2024-05-03,20.02160
2024-05-06,19.97870
2024-05-07,19.94950
2024-05-08,19.97350
2024-05-09,19.85520
2024-05-10,19.92370
2024-05-13,19.91220
2024-05-14,19.96360
2024-05-15,20.01820
2024-05-16,20.06130
2024-05-17,20.11220
2024-05-21,20.09670
2024-05-22,20.10650
2024-05-23,20.19990
2024-05-24,20.19210
2024-05-27,20.20780
2024-05-28,20.16610
2024-05-29,20.17030
2024-05-30,20.11100
2024-05-31,20.16120
2024-06-03,20.29020
2024-06-04,19.89830
2024-06-05,20.15260
2024-06-06,20.26520
2024-06-07,20.35710
2024-06-10,20.50670
2024-06-11,20.51760
2024-06-12,20.57330
2024-06-13,20.58650
2024-06-14,20.60660
2024-06-18,20.66560
2024-06-19,20.63590
2024-06-20,20.69450
2024-06-21,20.71190
2024-06-24,20.71340
2024-06-25,20.73750
2024-06-26,20.76340
2024-06-27,20.79280
2024-06-28,20.80930
2024-06-30,20.81030
2024-07-01,20.86840
2024-07-02,20.84120
2024-07-03,20.87780
2024-07-04,20.90860
2024-07-05,20.91280
2024-07-08,20.88340
2024-07-09,20.93840
2024-07-10,20.90790
2024-07-11,20.94170
2024-07-12,20.92620
2024-07-15,20.94490
2024-07-16,20.95980
2024-07-18,20.95730
2024-07-19,20.83020
2024-07-22,20.86420
2024-07-23,20.83800
2024-07-24,20.92400
2024-07-25,20.94050
2024-07-26,21.00870
2024-07-29,21.07340
2024-07-30,21.09730
2024-07-31,21.10100
2024-08-01,21.07650
2024-08-02,21.07970
2024-08-05,20.87610
2024-08-06,20.88250
2024-08-07,20.93290
2024-08-08,20.91610
2024-08-09,20.96760
2024-08-12,21.01480
2024-08-13,20.93400
2024-08-14,20.89530
2024-08-16,21.01780
2024-08-19,21.06440
2024-08-20,21.06410
2024-08-21,21.10750
2024-08-22,21.15050
2024-08-23,21.12180
2024-08-26,21.11570
2024-08-27,21.14580
2024-08-28,21.13950
2024-08-29,21.15830
2024-08-30,21.19720
2024-08-31,21.19780
2024-09-02,21.19690
2024-09-03,21.22550
2024-09-04,21.23770
2024-09-05,21.29960
2024-09-06,21.29420
2024-09-09,21.28430
2024-09-10,21.36600
2024-09-11,21.32420
2024-09-12,21.39100
2024-09-13,21.41800
2024-09-16,21.40210
2024-09-17,21.41210
2024-09-18,21.41610
2024-09-19,21.44340
2024-09-20,21.50080
2024-09-23,21.56680
2024-09-24,21.54630
2024-09-25,21.52980
2024-09-26,21.52680
2024-09-27,21.49130
2024-09-30,21.47920
2024-10-01,21.53870
2024-10-03,21.46170
2024-10-04,21.44830
2024-10-07,21.30610
2024-10-08,21.42230
2024-10-09,21.46270
2024-10-10,21.53590
2024-10-11,21.55370
2024-10-14,21.62770
2024-10-15,21.64760
2024-10-16,21.63810
2024-10-17,21.56510
2024-10-18,21.57390
2024-10-21,21.49000
2024-10-22,21.30480
2024-10-23,21.33170
2024-10-24,21.27900
2024-10-25,21.18140
2024-10-28,21.25360
2024-10-29,21.32530
2024-10-30,21.32990
2024-10-31,21.40700
2024-11-04,21.41100
2024-11-05,21.46880
2024-11-06,21.54200
2024-11-07,21.51690
2024-11-08,21.42780
2024-11-11,21.36500
2024-11-12,21.29970
2024-11-13,21.19720
2024-11-14,21.23720
2024-11-18,21.23460
2024-11-19,21.26430
2024-11-21,21.25550
2024-11-22,21.29630
2024-11-25,21.41200
2024-11-26,21.44760
2024-11-27,21.46900
2024-11-28,21.45150
2024-11-29,21.51230
2024-11-30,21.51270
2024-12-02,21.53630
2024-12-03,21.60620
2024-12-04,21.62960
2024-12-05,21.66460
2024-12-06,21.69890
2024-12-09,21.74390
2024-12-10,21.76000
2024-12-11,21.78280
2024-12-12,21.72760
2024-12-13,21.73910
2024-12-16,21.77630
2024-12-17,21.76470
2024-12-18,21.72620
2024-12-19,21.68940
2024-12-20,21.55430
2024-12-23,21.53330
2024-12-24,21.52740
2024-12-26,21.50410
2024-12-27,21.53100
2024-12-30,21.44940
2024-12-31,21.53980
2025-01-01,21.57230
2025-01-02,21.62370
2025-01-03,21.59990
2025-01-06,21.47170
2025-01-07,21.51630
2025-01-08,21.43320
2025-01-09,21.37360
2025-01-10,21.25810
2025-01-13,21.01310
2025-01-14,21.10380
2025-01-15,21.15330
2025-01-16,21.22440
2025-01-17,21.20410
2025-01-20,21.26290
2025-01-21,21.16000
2025-01-22,21.07860
2025-01-23,21.10050
2025-01-24,21.02360
2025-01-27,20.86040
2025-01-28,20.85660
2025-01-29,21.02430
2025-01-30,20.96760
2025-01-31,21.04420
2025-02-03,21.03230
2025-02-04,21.10240
2025-02-05,21.11680
2025-02-06,21.11870
2025-02-07,21.07730
2025-02-10,20.99480
2025-02-11,20.78200
2025-02-12,20.74670
2025-02-13,20.75660
2025-02-14,20.63510
2025-02-17,20.60870
2025-02-18,20.56110
2025-02-19,20.64750
2025-02-20,20.66790
2025-02-21,20.63550
2025-02-24,20.54680
2025-02-25,20.55710
2025-02-27,20.51310
2025-02-28,20.38610
2025-03-03,20.36760
2025-03-04,20.40430
2025-03-05,20.51320
2025-03-06,20.60670
2025-03-07,20.61480
2025-03-10,20.52530
2025-03-11,20.52120
2025-03-12,20.52330
2025-03-13,20.54550
2025-03-17,20.58380
2025-03-18,20.72350
2025-03-19,20.80090
2025-03-20,20.85650
2025-03-21,20.96790
2025-03-24,21.09390
2025-03-25,21.04890
2025-03-26,20.98810
2025-03-27,21.07720
2025-03-28,21.06750
2025-03-31,21.06320
2025-04-01,21.00020
2025-04-02,21.08260
2025-04-03,21.13110
2025-04-04,20.99490
2025-04-07,20.69900
2025-04-08,20.87520
2025-04-09,20.81060
2025-04-11,20.98330
2025-04-15,21.25490
2025-04-16,21.29420
2025-04-17,21.42970
2025-04-21,21.55720
2025-04-22,21.60680
2025-04-23,21.63360
2025-04-24,21.63400
2025-04-25,21.48280
2025-04-28,21.59650
2025-04-29,21.60050
2025-04-30,21.52290
2025-05-02,21.52180
2025-05-05,21.57500
2025-05-06,21.45100
2025-05-07,21.56120
2025-05-08,21.48820
2025-05-09,21.41170
2025-05-12,21.73510
2025-05-13,21.71370
2025-05-14,21.77470
2025-05-15,21.90720
2025-05-16,21.92560
2025-05-19,21.96080
2025-05-20,21.84170
2025-05-21,21.89160
2025-05-22,21.85600
2025-05-23,21.91710
2025-05-26,21.98410
2025-05-27,21.92510
2025-05-28,21.92350
2025-05-29,21.94120
2025-05-30,21.96270
2025-05-31,21.96290
2025-06-02,21.96710
2025-06-03,21.95330
2025-06-04,22.00240
2025-06-05,22.06700
2025-06-06,22.15310
2025-06-09,22.23850
2025-06-10,22.23390
2025-06-11,22.22090
2025-06-12,22.12530
2025-06-13,22.08730
2025-06-16,22.14370
2025-06-17,22.11140
2025-06-18,22.08860
2025-06-19,22.00940
2025-06-20,22.06750
2025-06-23,22.07040
2025-06-24,22.15060
2025-06-25,22.24760
2025-06-26,22.34100
2025-06-27,22.37400
2025-06-30,22.36740
2025-07-01,22.37900
2025-07-02,22.36620
2025-07-03,22.39240
2025-07-04,22.40680
2025-07-07,22.39570
2025-07-08,22.44380
2025-07-09,22.46590
2025-07-10,22.42720
2025-07-11,22.39970
2025-07-14,22.37670
2025-07-15,22.43880
2025-07-16,22.45100
2025-07-17,22.45670
2025-07-18,22.39820
2025-07-21,22.42280
2025-07-22,22.42650
2025-07-23,22.44940
2025-07-24,22.35010
2025-07-25,22.22740
2025-07-28,22.13220
2025-07-29,22.18210
2025-07-30,22.22290
2025-07-31,22.16200
2025-08-01,22.11500
2025-08-04,22.17930
2025-08-05,22.15150
2025-08-06,22.11660
2025-08-07,22.10800
2025-08-08,21.99880
2025-08-11,22.08060
2025-08-12,22.05320
2025-08-13,22.11130
2025-08-14,22.09560
2025-08-18,22.21150
2025-08-19,22.29500
2025-08-20,22.32680
2025-08-21,22.34000
2025-08-22,22.25700
2025-08-25,22.23070
2025-08-26,22.08960
2025-08-28,22.01790
2025-08-29,21.98470
2025-08-31,21.98500
2025-09-01,22.05640
2025-09-02,22.11050
2025-09-03,22.19930
2025-09-04,22.20910
2025-09-05,22.21610
2025-09-08,22.25670
2025-09-09,22.24850
2025-09-10,22.28050
2025-09-11,22.30240
2025-09-12,22.30800
2025-09-15,22.32610
2025-09-16,22.40040
2025-09-17,22.42510
2025-09-18,22.43780
2025-09-19,22.42160
2025-09-22,22.35610
2025-09-23,22.34020
2025-09-24,22.27330
2025-09-25,22.21780
2025-09-26,22.09850
2025-09-30,22.09590
2025-10-01,22.18270
2025-10-03,22.27250
2025-10-06,22.30260
2025-10-07,22.28960
2025-10-08,22.26700
2025-10-09,22.28630
2025-10-10,22.33000
2025-10-13,22.31920
2025-10-14,22.26630
2025-10-15,22.32860
2025-10-16,22.44240
2025-10-17,22.46230
2025-10-20,22.52530
2025-10-23,22.55480
2025-10-24,22.53310
2025-10-27,22.57020
2025-10-28,22.58360
2025-10-29,22.63650
2025-10-30,22.56960
2025-10-31,22.54330
2025-11-03,22.59430
2025-11-04,22.56040
2025-11-06,22.49120
2025-11-07,22.47280
2025-11-10,22.44970
2025-11-11,22.46250
2025-11-12,22.56780
2025-11-13,22.61920
2025-11-14,22.66020
2025-11-17,22.71830
2025-11-18,22.72870
2025-11-19,22.73910
2025-11-20,22.74580
2025-11-21,22.65530
2025-11-24,22.58920
2025-11-25,22.61770
2025-11-26,22.74480
2025-11-27,22.72740
2025-11-28,22.71620
2025-11-30,22.71670
2025-12-01,22.70750
2025-12-02,22.65620
2025-12-03,22.61580
2025-12-04,22.59100
2025-12-05,22.63360
2025-12-08,22.54430
2025-12-09,22.52410
2025-12-10,22.53800
2025-12-11,22.56540
2025-12-12,22.62150
2025-12-15,22.58660
2025-12-16,22.54110
2025-12-17,22.51510
2025-12-18,22.48890
2025-12-19,22.57850
2025-12-22,22.60450
2025-12-23,22.59240
2025-12-24,22.58040
2025-12-26,22.58270
2025-12-29,22.55550
2025-12-30,22.56020
2025-12-31,22.62690
2026-01-01,22.64220
2026-01-02,22.67420
2026-01-05,22.65780
2026-01-06,22.61530
2026-01-07,22.64130
2026-01-08,22.52430
2026-01-09,22.51840
2026-01-12,22.52340
2026-01-13,22.50770
2026-01-14,22.52900
2026-01-16,22.56090
2026-01-19,22.52090
2026-01-20,22.44030
2026-01-21,22.42960
2026-01-22,22.48570
2026-01-23,22.43290
2026-01-27,22.44850
2026-01-28,22.49380
2026-01-29,22.55580
2026-01-30,22.56620
2026-01-31,22.56660
2026-02-02,22.52570
2026-02-03,22.62800
2026-02-04,22.61800
2026-02-05,22.62950
2026-02-06,22.64540
2026-02-09,22.70170
2026-02-10,22.74120
2026-02-11,22.76950
2026-02-12,22.71190
2026-02-13,22.64120
2026-02-16,22.70540
2026-02-17,22.73650
2026-02-18,22.74830
2026-02-19,22.69220
2026-02-20,22.70160
2026-02-23,22.73450
2026-02-24,22.64580
2026-02-25,22.68120
2026-02-26,22.69000
2026-02-27,22.65750
2026-02-28,22.65830
2026-03-02,22.57830
2026-03-04,22.43720
2026-03-05,22.48800
2026-03-06,22.47780
2026-03-09,22.38280
2026-03-10,22.41590
2026-03-11,22.37660
2026-03-12,22.35570
2026-03-13,22.21890
2026-03-16,22.23150
2026-03-17,22.27080
2026-03-18,22.32750
2026-03-19,22.17080
2026-03-20,22.20710
2026-03-23,22.08420
2026-03-24,22.18800
2026-03-25,22.31130
2026-03-27,22.23740
2026-03-30,22.13830
2026-03-31,22.13880
2026-04-01,22.22970
2026-04-02,22.23800
2026-04-06,22.28070
2026-04-07,22.32920
2026-04-08,22.53060
2026-04-09,22.49110
2026-04-10,22.56850
2026-04-13,22.55550
2026-04-15,22.65250
2026-04-16,22.63680
2026-04-17,22.70320
2026-04-20,22.69970
2026-04-21,22.72790
2026-04-22,22.69260
2026-04-23,22.64030
2026-04-24,22.54780
2026-04-27,22.61530
2026-04-28,22.61450
2026-04-29,22.64100
2026-04-30,22.58970
2026-05-04,22.64080
2026-05-05,22.62250
2026-05-06,22.63280
2026-05-07,22.67610
2026-05-08,22.65900
2026-05-11,22.59910
2026-05-12,22.50920
2026-05-13,22.50980
2026-05-14,22.55010
2026-05-15,22.53670
2026-05-18,22.54410
2026-05-19,22.55190
2026-05-20,22.56210
2026-05-21,22.55840
2026-05-22,22.55610
2026-05-25,22.62110
2026-05-26,22.61450
2026-05-27,22.58910
2026-05-29,22.51350
2026-05-31,22.51400
2026-06-01,22.53320
2026-06-02,22.52410
2026-06-03,22.52250
2026-06-04,22.52400
2026-06-05,22.54430
2026-06-08,22.53430
2026-06-09,22.57790
2026-06-10,22.60630
2026-06-11,22.59590
2026-06-12,22.67310
2026-06-15,22.72330
2026-06-16,22.75470
2026-06-17,22.77140
2026-06-18,22.78360
2026-06-19,22.76310
2026-06-22,22.79680
2026-06-23,22.75540
2026-06-24,22.81470
2026-06-25,22.83760
2026-06-29,22.79370
2026-06-30,22.75490
2026-07-01,22.78520
2026-07-02,22.83430
2026-07-03,22.84970
2026-07-06,22.86780
2026-07-07,22.87090
2026-07-08,22.73980
2026-07-09,22.77910
2026-07-10,22.86020
2026-07-13,22.86690
2026-07-14,22.81830
2026-07-15,22.85630
2026-07-16,22.83600
2026-07-17,22.92100
2026-07-20,22.87220
2026-07-21,22.86270
2026-07-22,22.78320
2026-07-23,22.74690
2026-07-24,22.74590
2026-07-27,22.79500
2026-07-28,22.81380
2026-07-29,22.89460
2026-07-30,22.90410
2026-07-31,22.89670
2026-08-03,23.03580
2026-08-04,23.01170
2026-08-05,23.01900
2026-08-06,22.95700
2026-08-07,23.02790
2026-08-10,23.03150
2026-08-11,23.00740
2026-08-12,23.01540
2026-08-13,23.01200
2026-08-14,23.00270
2026-08-17,22.97390
2026-08-18,22.97810
2026-08-19,22.97130
2026-08-20,22.98000
2026-08-21,23.01030
2026-08-24,23.00730
2026-08-25,23.03490
2026-08-26,22.96750
2026-08-27,22.96180
2026-08-28,23.00040
2026-08-31,22.95960
2026-09-01,22.98340
2026-09-02,22.91270
2026-09-03,22.94370
2026-09-04,22.92940
2026-09-07,22.96190
