Date,NAV
2013-01-02,17.11860
2013-01-03,17.19240
2013-01-04,17.20340
2013-01-07,17.21530
2013-01-08,17.22760
2013-01-09,17.23690
2013-01-10,17.23380
2013-01-11,17.21400
2013-01-14,17.27170
2013-01-15,17.30870
2013-01-16,17.26460
2013-01-17,17.28230
2013-01-18,17.27650
2013-01-21,17.28950
2013-01-22,17.26760
2013-01-23,17.26520
2013-01-24,17.22350
2013-01-28,17.26150
2013-01-29,17.24920
2013-01-30,17.25220
2013-01-31,17.25400
2013-02-01,17.24400
2013-02-04,17.22420
2013-02-05,17.20540
2013-02-06,17.20710
2013-02-07,17.19550
2013-02-08,17.18590
2013-02-11,17.19070
2013-02-12,17.20880
2013-02-13,17.21400
2013-02-14,17.17400
2013-02-15,17.16820
2013-02-18,17.16610
2013-02-20,17.22390
2013-02-21,17.18080
2013-02-22,17.20340
2013-02-25,17.19790
2013-02-26,17.17160
2013-02-27,17.19690
2013-02-28,17.15760
2013-03-01,17.14560
2013-03-04,17.13360
2013-03-05,17.17160
2013-03-06,17.20580
2013-03-07,17.22490
2013-03-08,17.27340
2013-03-11,17.27750
2013-03-12,17.24370
2013-03-13,17.21430
2013-03-14,17.25430
2013-03-15,17.23450
2013-03-18,17.22220
2013-03-19,17.14870
2013-03-20,17.09470
2013-03-21,17.10830
2013-03-22,17.08370
2013-03-25,17.09430
2013-03-26,17.10120
2013-03-28,17.13330
2013-04-02,17.19040
2013-04-03,17.19040
2013-04-04,17.15210
2013-04-05,17.15860
2013-04-08,17.19280
2013-04-09,17.17090
2013-04-10,17.19620
2013-04-12,17.16580
2013-04-15,17.20750
2013-04-16,17.24400
2013-04-17,17.24030
2013-04-18,17.30110
2013-04-22,17.32370
2013-04-23,17.35380
2013-04-25,17.40680
2013-04-26,17.43410
2013-04-29,17.46930
2013-04-30,17.49120
2013-05-02,17.53460
2013-05-03,17.51680
2013-05-06,17.53910
2013-05-07,17.56570
2013-05-08,17.58520
2013-05-09,17.60060
2013-05-10,17.62960
2013-05-13,17.60200
2013-05-14,17.65840
2013-05-15,17.71920
2013-05-16,17.74480
2013-05-17,17.76060
2013-05-20,17.73870
2013-05-21,17.71850
2013-05-22,17.70760
2013-05-23,17.64740
2013-05-24,17.68130
2013-05-27,17.72300
2013-05-28,17.74960
2013-05-29,17.73460
2013-05-30,17.75510
2013-05-31,17.68980
2013-06-03,17.68880
2013-06-04,17.70760
2013-06-05,17.72430
2013-06-06,17.68300
2013-06-07,17.65490
2013-06-10,17.64230
2013-06-11,17.57460
2013-06-12,17.56300
2013-06-13,17.54830
2013-06-14,17.57700
2013-06-17,17.61940
2013-06-18,17.61020
2013-06-19,17.61730
2013-06-20,17.51990
2013-06-21,17.51790
2013-06-24,17.44160
2013-06-25,17.44160
2013-06-26,17.40980
2013-06-27,17.44500
2013-06-28,17.56500
2013-07-02,17.58420
2013-07-03,17.52060
2013-07-04,17.55920
2013-07-05,17.57190
2013-07-08,17.54180
2013-07-09,17.56810
2013-07-10,17.55790
2013-07-11,17.62210
2013-07-12,17.65320
2013-07-15,17.66830
2013-07-16,17.46730
2013-07-17,17.45090
2013-07-18,17.53050
2013-07-19,17.55720
2013-07-22,17.55000
2013-07-23,17.49800
2013-07-24,17.41670
2013-07-25,17.43550
2013-07-26,17.48740
2013-07-29,17.45600
2013-07-30,17.39340
2013-07-31,17.37670
2013-08-01,17.39650
2013-08-02,17.35890
2013-08-05,17.38280
2013-08-06,17.31510
2013-08-07,17.33530
2013-08-08,17.37700
2013-08-12,17.39580
2013-08-13,17.41840
2013-08-14,17.41360
2013-08-16,17.29500
2013-08-19,17.18490
2013-08-20,17.22320
2013-08-21,17.27040
2013-08-22,17.32710
2013-08-23,17.35070
2013-08-26,17.39140
2013-08-27,17.23690
2013-08-28,17.18050
2013-08-29,17.25700
2013-08-30,17.31720
2013-09-02,17.37430
2013-09-03,17.27890
2013-09-04,17.37390
2013-09-05,17.50010
2013-09-06,17.54860
2013-09-10,17.64710
2013-09-11,17.65730
2013-09-12,17.63510
2013-09-13,17.61800
2013-09-16,17.66860
2013-09-17,17.67680
2013-09-18,17.72370
2013-09-19,17.84120
2013-09-20,17.77080
2013-09-23,17.69460
2013-09-24,17.68910
2013-09-25,17.70860
2013-09-26,17.74040
2013-09-27,17.72880
2013-09-30,17.72540
2013-10-01,17.73940
2013-10-03,17.78620
2013-10-04,17.80430
2013-10-07,17.81970
2013-10-08,17.88530
2013-10-09,17.90930
2013-10-10,17.90760
2013-10-11,17.92640
2013-10-14,17.94140
2013-10-15,17.91410
2013-10-17,17.92020
2013-10-18,17.97700
2013-10-21,17.98000
2013-10-22,17.98070
2013-10-23,17.96500
2013-10-24,17.95880
2013-10-25,17.94790
2013-10-28,17.93490
2013-10-29,17.98480
2013-10-30,18.01320
2013-10-31,18.02890
2013-11-01,18.01110
2013-11-05,18.04330
2013-11-06,18.03880
2013-11-07,18.00260
2013-11-08,17.96530
2013-11-11,17.93730
2013-11-12,17.91370
2013-11-13,17.89870
2013-11-14,17.91710
2013-11-18,17.99370
2013-11-19,18.01320
2013-11-20,17.99540
2013-11-21,17.94590
2013-11-22,17.95820
2013-11-25,18.00840
2013-11-26,17.99370
2013-11-27,18.01250
2013-11-28,18.04330
2013-11-29,18.08670
2013-12-02,18.10240
2013-12-03,18.08840
2013-12-04,18.08480
2013-12-05,18.11960
2013-12-06,18.12040
2013-12-09,18.14200
2013-12-10,18.13540
2013-12-11,18.14110
2013-12-12,18.12050
2013-12-13,18.06130
2013-12-16,18.06990
2013-12-17,18.06560
2013-12-18,18.11690
2013-12-19,18.11000
2013-12-20,18.14630
2013-12-23,18.14560
2013-12-24,18.13500
2013-12-26,18.15890
2013-12-27,18.15140
2013-12-30,18.16270
2013-12-31,18.19370
2014-01-01,18.19660
2014-01-02,18.15270
2014-01-03,18.17040
2014-01-06,18.18400
2014-01-07,18.17360
2014-01-08,18.19090
2014-01-09,18.19150
2014-01-10,18.19990
2014-01-13,18.25560
2014-01-15,18.30320
2014-01-16,18.29400
2014-01-17,18.25430
2014-01-20,18.29750
2014-01-21,18.30840
2014-01-22,18.29780
2014-01-23,18.29400
2014-01-24,18.24870
2014-01-27,18.16810
2014-01-28,18.14270
2014-01-29,18.13160
2014-01-30,18.10220
2014-01-31,18.15060
2014-02-03,18.13220
2014-02-04,18.15020
2014-02-05,18.16770
2014-02-06,18.17870
2014-02-07,18.16850
2014-02-10,18.16580
2014-02-11,18.16540
2014-02-12,18.17500
2014-02-13,18.12610
2014-02-14,18.14510
2014-02-17,18.15640
2014-02-18,18.17170
2014-02-20,18.18110
2014-02-21,18.20130
2014-02-24,18.21660
2014-02-25,18.21560
2014-02-26,18.22750
2014-02-28,18.26780
2014-03-03,18.24680
2014-03-04,18.28100
2014-03-05,18.31230
2014-03-06,18.36550
2014-03-07,18.39660
2014-03-10,18.41370
2014-03-11,18.41060
2014-03-12,18.42070
2014-03-13,18.40980
2014-03-14,18.40610
2014-03-18,18.43590
2014-03-19,18.44320
2014-03-20,18.43450
2014-03-21,18.45250
2014-03-24,18.50140
2014-03-25,18.51180
2014-03-26,18.52980
2014-03-27,18.57090
2014-03-28,18.64900
2014-04-02,18.68810
2014-04-03,18.68220
2014-04-04,18.66720
2014-04-07,18.67190
2014-04-09,18.72640
2014-04-10,18.72380
2014-04-11,18.71980
2014-04-15,18.70930
2014-04-16,18.67820
2014-04-17,18.74160
2014-04-21,18.77610
2014-04-22,18.79390
2014-04-23,18.81970
2014-04-25,18.78900
2014-04-28,18.78330
2014-04-29,18.76610
2014-04-30,18.76720
2014-05-02,18.79740
2014-05-05,18.80740
2014-05-06,18.82690
2014-05-07,18.81310
2014-05-08,18.83130
2014-05-09,18.95010
2014-05-12,19.04710
2014-05-13,19.12130
2014-05-15,19.13730
2014-05-16,19.22810
2014-05-19,19.32660
2014-05-20,19.35360
2014-05-21,19.34740
2014-05-22,19.37570
2014-05-23,19.42680
2014-05-26,19.41770
2014-05-27,19.42470
2014-05-28,19.45450
2014-05-29,19.43380
2014-05-30,19.43570
2014-06-02,19.55360
2014-06-03,19.58750
2014-06-04,19.62440
2014-06-05,19.67750
2014-06-06,19.78810
2014-06-09,19.84010
2014-06-10,19.84160
2014-06-11,19.82390
2014-06-12,19.85320
2014-06-13,19.76860
2014-06-16,19.76860
2014-06-17,19.82940
2014-06-18,19.81120
2014-06-19,19.79680
2014-06-20,19.77410
2014-06-23,19.78670
2014-06-24,19.82140
2014-06-25,19.82080
2014-06-26,19.81610
2014-06-27,19.82230
2014-06-30,19.90290
2014-07-02,20.00580
2014-07-03,20.02020
2014-07-04,20.06040
2014-07-07,20.07090
2014-07-08,19.95910
2014-07-09,19.93270
2014-07-10,19.94190
2014-07-11,19.85320
2014-07-14,19.84460
2014-07-15,19.90060
2014-07-16,19.95980
2014-07-17,19.98540
2014-07-18,19.99200
2014-07-21,20.01530
2014-07-22,20.04920
2014-07-23,20.06770
2014-07-24,20.08640
2014-07-25,20.04950
2014-07-28,20.03680
2014-07-30,20.06870
2014-07-31,20.06130
2014-08-01,20.03120
2014-08-04,20.08490
2014-08-05,20.09650
2014-08-06,20.04640
2014-08-07,20.04200
2014-08-08,19.99360
2014-08-11,20.03200
2014-08-12,20.05880
2014-08-13,20.06520
2014-08-14,20.12550
2014-08-19,20.25200
2014-08-20,20.25350
2014-08-21,20.27260
2014-08-22,20.27800
2014-08-25,20.28620
2014-08-26,20.26390
2014-08-27,20.27780
2014-08-28,20.28690
2014-09-01,20.33690
2014-09-02,20.39250
2014-09-03,20.42130
2014-09-04,20.40960
2014-09-05,20.42040
2014-09-08,20.46960
2014-09-09,20.49290
2014-09-10,20.46420
2014-09-11,20.47790
2014-09-12,20.51320
2014-09-15,20.50600
2014-09-16,20.44790
2014-09-17,20.46130
2014-09-18,20.53780
2014-09-19,20.55750
2014-09-22,20.60220
2014-09-23,20.56210
2014-09-24,20.56710
2014-09-25,20.51100
2014-09-26,20.57720
2014-09-29,20.57880
2014-09-30,20.57660
2014-10-01,20.58750
2014-10-07,20.57570
2014-10-08,20.56060
2014-10-09,20.62050
2014-10-10,20.57470
2014-10-13,20.60620
2014-10-14,20.61540
2014-10-16,20.55790
2014-10-17,20.57760
2014-10-20,20.67080
2014-10-21,20.70710
2014-10-22,20.74210
2014-10-27,20.78660
2014-10-28,20.80570
2014-10-29,20.83090
2014-10-30,20.87210
2014-10-31,20.93880
2014-11-03,20.96950
2014-11-05,21.01720
2014-11-07,21.04780
2014-11-10,21.06440
2014-11-11,21.07610
2014-11-12,21.10500
2014-11-13,21.06250
2014-11-14,21.08190
2014-11-17,21.14340
2014-11-18,21.17040
2014-11-19,21.14910
2014-11-20,21.15470
2014-11-21,21.17130
2014-11-24,21.19450
2014-11-25,21.16640
2014-11-26,21.16010
2014-11-27,21.18100
2014-11-28,21.28040
2014-12-01,21.33750
2014-12-02,21.43000
2014-12-03,21.44090
2014-12-04,21.43660
2014-12-05,21.43280
2014-12-08,21.43710
2014-12-09,21.44930
2014-12-10,21.45990
2014-12-11,21.50070
2014-12-12,21.50400
2014-12-15,21.46310
2014-12-16,21.28170
2014-12-17,21.26540
2014-12-18,21.37690
2014-12-19,21.37260
2014-12-22,21.39110
2014-12-23,21.41000
2014-12-24,21.36210
2014-12-26,21.35210
2014-12-29,21.40700
2014-12-30,21.45320
2014-12-31,21.50650
2015-01-01,21.53340
2015-01-02,21.55180
2015-01-05,21.54250
2015-01-06,21.43650
2015-01-07,21.48280
2015-01-08,21.56010
2015-01-09,21.57140
2015-01-12,21.62880
2015-01-13,21.69750
2015-01-14,21.70210
2015-01-15,21.85310
2015-01-16,21.91630
2015-01-19,21.92300
2015-01-20,21.97220
2015-01-21,22.05210
2015-01-22,22.09800
2015-01-23,22.14370
2015-01-27,22.22640
2015-01-28,22.22940
2015-01-29,22.26190
2015-01-30,22.24790
2015-02-02,22.27910
2015-02-03,22.19880
2015-02-04,22.15330
2015-02-05,22.16720
2015-02-06,22.13940
2015-02-09,22.07460
2015-02-10,22.07970
2015-02-11,22.10810
2015-02-12,22.13250
2015-02-13,22.21580
2015-02-16,22.21310
2015-02-18,22.23450
2015-02-20,22.22090
2015-02-23,22.20260
2015-02-24,22.18340
2015-02-25,22.21410
2015-02-26,22.17040
2015-02-27,22.24770
2015-03-02,22.32870
2015-03-03,22.32850
2015-03-04,22.35710
2015-03-05,22.33960
2015-03-09,22.24670
2015-03-10,22.23510
2015-03-11,22.25420
2015-03-12,22.31940
2015-03-13,22.25640
2015-03-16,22.24540
2015-03-17,22.30690
2015-03-18,22.29740
2015-03-19,22.31610
2015-03-20,22.29190
2015-03-23,22.28280
2015-03-24,22.29240
2015-03-25,22.27580
2015-03-26,22.20520
2015-03-27,22.17320
2015-03-30,22.32130
2015-03-31,22.37870
2015-04-06,22.50140
2015-04-07,22.46370
2015-04-08,22.48450
2015-04-09,22.48920
2015-04-10,22.48440
2015-04-13,22.52470
2015-04-15,22.47780
2015-04-16,22.46740
2015-04-17,22.39000
2015-04-20,22.33130
2015-04-21,22.30290
2015-04-22,22.34560
2015-04-23,22.32660
2015-04-24,22.25130
2015-04-27,22.21540
2015-04-28,22.26660
2015-04-29,22.21400
2015-04-30,22.18360
2015-05-05,22.28490
2015-05-06,22.13910
2015-05-07,22.03280
2015-05-08,22.06930
2015-05-11,22.14730
2015-05-12,22.04770
2015-05-13,22.08030
2015-05-14,22.09660
2015-05-15,22.11670
2015-05-18,22.20050
2015-05-19,22.27620
2015-05-20,22.31420
2015-05-21,22.30490
2015-05-22,22.31870
2015-05-25,22.33170
2015-05-26,22.31110
2015-05-27,22.33430
2015-05-28,22.34490
2015-05-29,22.44350
2015-06-01,22.42310
2015-06-02,22.27230
2015-06-03,22.20850
2015-06-04,22.18070
2015-06-05,22.21100
2015-06-08,22.17270
2015-06-09,22.17040
2015-06-10,22.18800
2015-06-11,22.08610
2015-06-12,22.08900
2015-06-15,22.14070
2015-06-16,22.11450
2015-06-17,22.18050
2015-06-18,22.28550
2015-06-19,22.36530
2015-06-22,22.40380
2015-06-23,22.42010
2015-06-24,22.38780
2015-06-25,22.37950
2015-06-26,22.37810
2015-06-29,22.31650
2015-06-30,22.39670
2015-07-01,22.46350
2015-07-02,22.50730
2015-07-03,22.53930
2015-07-06,22.58320
2015-07-07,22.59160
2015-07-08,22.53220
2015-07-09,22.52690
2015-07-10,22.51900
2015-07-13,22.52950
2015-07-14,22.57470
2015-07-15,22.59910
2015-07-16,22.66590
2015-07-17,22.67320
2015-07-20,22.70390
2015-07-21,22.67130
2015-07-22,22.70560
2015-07-23,22.69190
2015-07-24,22.67380
2015-07-27,22.60890
2015-07-28,22.64220
2015-07-29,22.67680
2015-07-30,22.68810
2015-07-31,22.76610
2015-08-03,22.78570
2015-08-04,22.73350
2015-08-05,22.76340
2015-08-06,22.78580
2015-08-07,22.77190
2015-08-10,22.77650
2015-08-11,22.75010
2015-08-12,22.69480
2015-08-13,22.72440
2015-08-14,22.80750
2015-08-17,22.80720
2015-08-19,22.81500
2015-08-20,22.75120
2015-08-21,22.68420
2015-08-24,22.41870
2015-08-25,22.48910
2015-08-26,22.47760
2015-08-27,22.57030
2015-08-28,22.60170
2015-08-31,22.62280
2015-09-01,22.53080
2015-09-02,22.52260
2015-09-03,22.56300
2015-09-04,22.49190
2015-09-07,22.41500
2015-09-08,22.47880
2015-09-09,22.56280
2015-09-10,22.51490
2015-09-11,22.52170
2015-09-14,22.59530
2015-09-15,22.57860
2015-09-16,22.61310
2015-09-18,22.72330
2015-09-21,22.73010
2015-09-22,22.64770
2015-09-23,22.66880
2015-09-24,22.68740
2015-09-28,22.67220
2015-09-29,22.78050
2015-09-30,22.90820
2015-10-01,22.93030
2015-10-05,23.04010
2015-10-06,23.03910
2015-10-07,23.01980
2015-10-08,23.00410
2015-10-09,23.02840
2015-10-12,22.99490
2015-10-13,22.99130
2015-10-14,23.00030
2015-10-15,23.02810
2015-10-16,23.04480
2015-10-19,23.08810
2015-10-20,23.09250
2015-10-21,23.10360
2015-10-23,23.09080
2015-10-26,23.05360
2015-10-27,23.06200
2015-10-28,23.05020
2015-10-29,23.00110
2015-10-30,22.98640
2015-11-02,22.98550
2015-11-03,22.98340
2015-11-04,22.96940
2015-11-05,22.90580
2015-11-06,22.89140
2015-11-09,22.86050
2015-11-10,22.81860
2015-11-13,22.86130
2015-11-16,22.89480
2015-11-17,22.88990
2015-11-18,22.86500
2015-11-19,22.91120
2015-11-20,22.91920
2015-11-23,22.93710
2015-11-24,22.94190
2015-11-26,22.97790
2015-11-27,22.98580
2015-11-30,22.96050
2015-12-01,22.99130
2015-12-02,22.98520
2015-12-03,22.97230
2015-12-04,22.91030
2015-12-07,22.93850
2015-12-08,22.87310
2015-12-09,22.81910
2015-12-10,22.85320
2015-12-11,22.81640
2015-12-14,22.83260
2015-12-15,22.85390
2015-12-16,22.92240
2015-12-17,22.98380
2015-12-18,22.93870
2015-12-21,22.95720
2015-12-22,22.94470
2015-12-23,23.01140
2015-12-28,23.04910
2015-12-29,23.04940
2015-12-30,23.05970
2015-12-31,23.10670
2016-01-01,23.14750
2016-01-04,23.07240
2016-01-05,23.07520
2016-01-06,23.06090
2016-01-07,22.99700
2016-01-08,23.03420
2016-01-11,23.00300
2016-01-12,22.95290
2016-01-13,22.93460
2016-01-14,22.88660
2016-01-15,22.79560
2016-01-18,22.72860
2016-01-19,22.80860
2016-01-20,22.75690
2016-01-21,22.76510
2016-01-22,22.79210
2016-01-25,22.80730
2016-01-27,22.83550
2016-01-28,22.78780
2016-01-29,22.84470
2016-02-01,22.86530
2016-02-02,22.78640
2016-02-03,22.72480
2016-02-04,22.74980
2016-02-05,22.83530
2016-02-08,22.80780
2016-02-09,22.75640
2016-02-10,22.71730
2016-02-11,22.59660
2016-02-12,22.63580
2016-02-15,22.68680
2016-02-16,22.59430
2016-02-17,22.59840
2016-02-18,22.65510
2016-02-22,22.67970
2016-02-23,22.55490
2016-02-24,22.49240
2016-02-25,22.41690
2016-02-26,22.47940
2016-02-29,22.60450
2016-03-01,22.76260
2016-03-02,22.85670
2016-03-03,22.89480
2016-03-04,22.93250
2016-03-08,22.93570
2016-03-09,22.97830
2016-03-10,22.98120
2016-03-11,22.99260
2016-03-14,23.04410
2016-03-15,23.04270
2016-03-16,23.06700
2016-03-17,23.14350
2016-03-18,23.20850
2016-03-21,23.35480
2016-03-22,23.36840
2016-03-23,23.39710
2016-03-28,23.36840
2016-03-29,23.37020
2016-03-30,23.44540
2016-03-31,23.51280
2016-04-04,23.59450
2016-04-05,23.51900
2016-04-06,23.55330
2016-04-07,23.55940
2016-04-11,23.67840
2016-04-12,23.72210
2016-04-13,23.77050
2016-04-18,23.87540
2016-04-20,23.86460
2016-04-21,23.83430
2016-04-22,23.82330
2016-04-25,23.82780
2016-04-26,23.89590
2016-04-27,23.92440
2016-04-28,23.89920
2016-04-29,23.88820
2016-05-02,23.88720
2016-05-03,23.87940
2016-05-04,23.86090
2016-05-05,23.85280
2016-05-06,23.85410
2016-05-09,23.93820
2016-05-10,23.95350
2016-05-11,23.94570
2016-05-12,23.98360
2016-05-13,23.94640
2016-05-16,23.98310
2016-05-17,23.99620
2016-05-18,23.97040
2016-05-19,23.92460
2016-05-20,23.89530
2016-05-23,23.90080
2016-05-24,23.87990
2016-05-25,23.95800
2016-05-26,24.01100
2016-05-27,24.03970
2016-05-30,24.07950
2016-05-31,24.08030
2016-06-01,24.09170
2016-06-02,24.12530
2016-06-03,24.10440
2016-06-06,24.12210
2016-06-07,24.15500
2016-06-08,24.17920
2016-06-09,24.16280
2016-06-10,24.15240
2016-06-13,24.10850
2016-06-14,24.10610
2016-06-15,24.14380
2016-06-16,24.12570
2016-06-17,24.15560
2016-06-20,24.20000
2016-06-21,24.18810
2016-06-22,24.19050
2016-06-23,24.22770
2016-06-24,24.15550
2016-06-27,24.20900
2016-06-28,24.25560
2016-06-29,24.31920
2016-06-30,24.39100
2016-07-01,24.47250
2016-07-04,24.51000
2016-07-05,24.50690
2016-07-07,24.53470
2016-07-08,24.54070
2016-07-11,24.61720
2016-07-12,24.71160
2016-07-13,24.73190
2016-07-14,24.79240
2016-07-15,24.81990
2016-07-18,24.78830
2016-07-19,24.83330
2016-07-20,24.88420
2016-07-21,24.90050
2016-07-22,24.94370
2016-07-25,25.01290
2016-07-26,25.00560
2016-07-27,25.03850
2016-07-28,25.14880
2016-07-29,25.18930
2016-08-01,25.23470
2016-08-02,25.17880
2016-08-03,25.13990
2016-08-04,25.16410
2016-08-05,25.25550
2016-08-08,25.25260
2016-08-09,25.29280
2016-08-10,25.28450
2016-08-11,25.33320
2016-08-12,25.36910
2016-08-16,25.37290
2016-08-18,25.39260
2016-08-19,25.42040
2016-08-22,25.36520
2016-08-23,25.37960
2016-08-24,25.40280
2016-08-25,25.41340
2016-08-26,25.43030
2016-08-29,25.44170
2016-08-30,25.51700
2016-08-31,25.56950
2016-09-01,25.53990
2016-09-02,25.56560
2016-09-06,25.67870
2016-09-07,25.72050
2016-09-08,25.74720
2016-09-09,25.70180
2016-09-12,25.59660
2016-09-14,25.62350
2016-09-15,25.64860
2016-09-16,25.66510
2016-09-19,25.66730
2016-09-20,25.64680
2016-09-21,25.65920
2016-09-22,25.78410
2016-09-23,25.79020
2016-09-26,25.79170
2016-09-27,25.82200
2016-09-28,25.86900
2016-09-29,25.66430
2016-09-30,25.73800
2016-10-03,25.91890
2016-10-04,25.97680
2016-10-05,26.05510
2016-10-06,26.00290
2016-10-07,25.96910
2016-10-10,25.99660
2016-10-13,25.91240
2016-10-14,25.89210
2016-10-17,25.85140
2016-10-18,25.92860
2016-10-19,25.94190
2016-10-20,25.95730
2016-10-21,25.97400
2016-10-24,25.99640
2016-10-25,26.00860
2016-10-26,25.99120
2016-10-27,25.96760
2016-10-28,25.99730
2016-11-01,26.01000
2016-11-02,25.92480
2016-11-03,25.87400
2016-11-04,25.79250
2016-11-07,25.85720
2016-11-08,25.91790
2016-11-09,25.94470
2016-11-10,26.05290
2016-11-11,25.85820
2016-11-15,25.78510
2016-11-16,25.94950
2016-11-17,25.93410
2016-11-18,25.88700
2016-11-21,25.91480
2016-11-22,25.98170
2016-11-23,26.11440
2016-11-24,26.20260
2016-11-25,26.25850
2016-11-28,26.18170
2016-11-29,26.19000
2016-11-30,26.31830
2016-12-01,26.29030
2016-12-02,26.20320
2016-12-05,26.23730
2016-12-06,26.25910
2016-12-07,25.97480
2016-12-08,26.01000
2016-12-09,26.01040
2016-12-13,25.93910
2016-12-14,25.90180
2016-12-15,25.78300
2016-12-16,25.75900
2016-12-19,25.76950
2016-12-20,25.74480
2016-12-21,25.77040
2016-12-22,25.67100
2016-12-23,25.60960
2016-12-26,25.48130
2016-12-27,25.52650
2016-12-28,25.54630
2016-12-29,25.67260
2016-12-30,25.76690
2017-01-02,25.91450
2017-01-03,25.92920
2017-01-04,25.96580
2017-01-05,26.02020
2017-01-06,26.00900
2017-01-09,26.03170
2017-01-10,26.07190
2017-01-11,26.15650
2017-01-12,26.18880
2017-01-13,26.17220
2017-01-16,26.21300
2017-01-17,26.21680
2017-01-18,26.24740
2017-01-19,26.24440
2017-01-20,26.20150
2017-01-23,26.24800
2017-01-24,26.30370
2017-01-25,26.38830
2017-01-27,26.41860
2017-01-30,26.40800
2017-01-31,26.35160
2017-02-01,26.45030
2017-02-02,26.52360
2017-02-03,26.55370
2017-02-06,26.58740
2017-02-07,26.57290
2017-02-08,26.30180
2017-02-09,26.18800
2017-02-10,26.24830
2017-02-13,26.25040
2017-02-14,26.18730
2017-02-15,26.14840
2017-02-16,26.19550
2017-02-17,26.22930
2017-02-20,26.26560
2017-02-22,26.22080
2017-02-23,26.22500
2017-02-27,26.22620
2017-02-28,26.24270
2017-03-01,26.23170
2017-03-02,26.17590
2017-03-03,26.18380
2017-03-06,26.19640
2017-03-07,26.16150
2017-03-08,26.13500
2017-03-09,26.14360
2017-03-10,26.10680
2017-03-14,26.19640
2017-03-15,26.28950
2017-03-16,26.38740
2017-03-17,26.38600
2017-03-20,26.40310
2017-03-21,26.45670
2017-03-22,26.45590
2017-03-23,26.52540
2017-03-24,26.56880
2017-03-27,26.64080
2017-03-29,26.69520
2017-03-30,26.75050
2017-03-31,26.78360
2017-04-03,26.80600
2017-04-05,26.84520
2017-04-06,26.75080
2017-04-07,26.71450
2017-04-10,26.77330
2017-04-11,26.83840
2017-04-12,26.86300
2017-04-13,26.88820
2017-04-17,26.89530
2017-04-18,26.87820
2017-04-19,26.92950
2017-04-20,26.96780
2017-04-21,26.92350
2017-04-24,26.97400
2017-04-25,27.03420
2017-04-26,27.00400
2017-04-27,27.00120
2017-04-28,27.05060
2017-05-02,27.08120
2017-05-03,27.07280
2017-05-04,27.10290
2017-05-05,27.08970
2017-05-08,27.13640
2017-05-09,27.12330
2017-05-11,27.14370
2017-05-12,27.11920
2017-05-15,27.22690
2017-05-16,27.24780
2017-05-17,27.24290
2017-05-18,27.17940
2017-05-19,27.16800
2017-05-22,27.15440
2017-05-23,27.12840
2017-05-24,27.10180
2017-05-25,27.21340
2017-05-26,27.30970
2017-05-29,27.27970
2017-05-30,27.29960
2017-05-31,27.36010
2017-06-01,27.40680
2017-06-02,27.41260
2017-06-05,27.43520
2017-06-06,27.41940
2017-06-07,27.53170
2017-06-08,27.62030
2017-06-09,27.68570
2017-06-12,27.65670
2017-06-13,27.69970
2017-06-14,27.71410
2017-06-15,27.72900
2017-06-16,27.74130
2017-06-19,27.78240
2017-06-20,27.80370
2017-06-21,27.81820
2017-06-22,27.79350
2017-06-23,27.73530
2017-06-27,27.69280
2017-06-28,27.67800
2017-06-29,27.69030
2017-06-30,27.70240
2017-07-03,27.72290
2017-07-04,27.73350
2017-07-05,27.79450
2017-07-06,27.84690
2017-07-07,27.86740
2017-07-10,27.94600
2017-07-11,27.94840
2017-07-12,27.99720
2017-07-13,28.04530
2017-07-14,28.02020
2017-07-17,28.04490
2017-07-18,28.03570
2017-07-19,28.07390
2017-07-20,28.06440
2017-07-21,28.09570
2017-07-24,28.12600
2017-07-25,28.12520
2017-07-26,28.14050
2017-07-27,28.13520
2017-07-28,28.12080
2017-07-31,28.17810
2017-08-01,28.20260
2017-08-02,28.18170
2017-08-03,28.17280
2017-08-04,28.18720
2017-08-07,28.21580
2017-08-08,28.17950
2017-08-09,28.13520
2017-08-10,28.04970
2017-08-11,28.02310
2017-08-14,28.11710
2017-08-16,28.18420
2017-08-18,28.16920
2017-08-21,28.13390
2017-08-22,28.11250
2017-08-23,28.18330
2017-08-24,28.20370
2017-08-28,28.25160
2017-08-29,28.22050
2017-08-30,28.27460
2017-08-31,28.30080
2017-09-01,28.35870
2017-09-04,28.34190
2017-09-05,28.37370
2017-09-06,28.38470
2017-09-07,28.40820
2017-09-08,28.42170
2017-09-11,28.49180
2017-09-12,28.51400
2017-09-13,28.48030
2017-09-14,28.48130
2017-09-15,28.47890
2017-09-18,28.53070
2017-09-19,28.54420
2017-09-20,28.52260
2017-09-21,28.47840
2017-09-22,28.36530
2017-09-25,28.33340
2017-09-26,28.34210
2017-09-27,28.26090
2017-09-28,28.30390
2017-09-29,28.35860
2017-10-03,28.42430
2017-10-04,28.42750
2017-10-05,28.43500
2017-10-06,28.47380
2017-10-09,28.49620
2017-10-10,28.54890
2017-10-11,28.53910
2017-10-12,28.58770
2017-10-13,28.64730
2017-10-16,28.67480
2017-10-17,28.69320
2017-10-18,28.69600
2017-10-23,28.73700
2017-10-24,28.75090
2017-10-25,28.77060
2017-10-26,28.78910
2017-10-27,28.79880
2017-10-30,28.84870
2017-10-31,28.85540
2017-11-01,28.93200
2017-11-02,28.92590
2017-11-03,28.93820
2017-11-06,28.93990
2017-11-07,28.82780
2017-11-08,28.78430
2017-11-09,28.81250
2017-11-10,28.82630
2017-11-13,28.78730
2017-11-14,28.73100
2017-11-15,28.69490
2017-11-16,28.73510
2017-11-17,28.82760
2017-11-20,28.89140
2017-11-21,28.94440
2017-11-22,28.94490
2017-11-23,28.93660
2017-11-24,28.95620
2017-11-27,28.98860
2017-11-28,29.01320
2017-11-29,29.01510
2017-11-30,28.96450
2017-12-04,28.89010
2017-12-05,28.89930
2017-12-06,28.85940
2017-12-07,28.95070
2017-12-08,29.01670
2017-12-11,29.01930
2017-12-12,28.96620
2017-12-13,28.93020
2017-12-14,28.96170
2017-12-15,29.00030
2017-12-18,29.05110
2017-12-19,29.12760
2017-12-20,29.11020
2017-12-21,29.11120
2017-12-22,29.12180
2017-12-26,29.14290
2017-12-27,29.12120
2017-12-28,29.10060
2017-12-29,29.15110
2018-01-01,29.14140
2018-01-02,29.10760
2018-01-03,29.13060
2018-01-04,29.15610
2018-01-05,29.25070
2018-01-08,29.28060
2018-01-09,29.25700
2018-01-10,29.22230
2018-01-11,29.24540
2018-01-12,29.25770
2018-01-15,29.31490
2018-01-16,29.23810
2018-01-17,29.27410
2018-01-18,29.24570
2018-01-19,29.29430
2018-01-22,29.32770
2018-01-23,29.38760
2018-01-24,29.33790
2018-01-25,29.30600
2018-01-29,29.29560
2018-01-30,29.24200
2018-01-31,29.21620
2018-02-01,29.17310
2018-02-02,29.00500
2018-02-05,28.96710
2018-02-06,28.89470
2018-02-07,28.95440
2018-02-08,29.03650
2018-02-09,29.00320
2018-02-12,29.06570
2018-02-14,29.08290
2018-02-15,29.04590
2018-02-16,28.99590
2018-02-20,28.95410
2018-02-21,28.93400
2018-02-22,28.90360
2018-02-23,28.97340
2018-02-26,29.01290
2018-02-27,29.00110
2018-02-28,28.98280
2018-03-01,28.95430
2018-03-05,28.90690
2018-03-06,28.85580
2018-03-07,28.81160
2018-03-08,28.84940
2018-03-09,28.84320
2018-03-12,28.92680
2018-03-13,28.95520
2018-03-14,28.94400
2018-03-15,28.97780
2018-03-16,28.93580
2018-03-19,28.88650
2018-03-20,28.90200
2018-03-21,28.92160
2018-03-22,28.89180
2018-03-23,28.84450
2018-03-26,28.89200
2018-03-27,28.98110
2018-03-28,28.95270
2018-03-31,28.96620
2018-04-03,29.06960
2018-04-04,29.02790
2018-04-05,29.15690
2018-04-06,29.18990
2018-04-09,29.21700
2018-04-10,29.20550
2018-04-11,29.23150
2018-04-12,29.24660
2018-04-13,29.26010
2018-04-16,29.29520
2018-04-17,29.29660
2018-04-18,29.28500
2018-04-19,29.30860
2018-04-20,29.29290
2018-04-23,29.31440
2018-04-24,29.31530
2018-04-25,29.28570
2018-04-26,29.29250
2018-04-27,29.30430
2018-05-02,29.34690
2018-05-03,29.31150
2018-05-04,29.29410
2018-05-07,29.35710
2018-05-08,29.35400
2018-05-09,29.34020
2018-05-10,29.30080
2018-05-11,29.33220
2018-05-14,29.31420
2018-05-15,29.29460
2018-05-16,29.26810
2018-05-17,29.26910
2018-05-18,29.25610
2018-05-21,29.21010
2018-05-22,29.23590
2018-05-23,29.20470
2018-05-24,29.22520
2018-05-25,29.30580
2018-05-28,29.38340
2018-05-29,29.35910
2018-05-30,29.35400
2018-05-31,29.37910
2018-06-01,29.34060
2018-06-04,29.30380
2018-06-05,29.27090
2018-06-06,29.31410
2018-06-07,29.34570
2018-06-08,29.36740
2018-06-11,29.40600
2018-06-12,29.44530
2018-06-13,29.45890
2018-06-14,29.44760
2018-06-15,29.47770
2018-06-18,29.47560
2018-06-19,29.43240
2018-06-20,29.45990
2018-06-21,29.46020
2018-06-22,29.49260
2018-06-25,29.47910
2018-06-26,29.48950
2018-06-27,29.43910
2018-06-28,29.37790
2018-06-29,29.44140
2018-07-02,29.44620
2018-07-03,29.50240
2018-07-04,29.52680
2018-07-05,29.50820
2018-07-06,29.51690
2018-07-09,29.57340
2018-07-10,29.62990
2018-07-11,29.62710
2018-07-12,29.66860
2018-07-13,29.67640
2018-07-16,29.64120
2018-07-17,29.67820
2018-07-18,29.65330
2018-07-19,29.63450
2018-07-20,29.66160
2018-07-23,29.72220
2018-07-24,29.76420
2018-07-25,29.76510
2018-07-26,29.77560
2018-07-27,29.81190
2018-07-30,29.82410
2018-07-31,29.85290
2018-08-01,29.87430
2018-08-02,29.82630
2018-08-03,29.87540
2018-08-06,29.90960
2018-08-07,29.91730
2018-08-08,29.94060
2018-08-09,29.95810
2018-08-10,29.94390
2018-08-13,29.92880
2018-08-14,29.97460
2018-08-16,29.96290
2018-08-20,30.05290
2018-08-21,30.07380
2018-08-23,30.10960
2018-08-24,30.09790
2018-08-27,30.15520
2018-08-28,30.17700
2018-08-29,30.15930
2018-08-30,30.15360
2018-08-31,30.16410
2018-09-03,30.11630
2018-09-04,30.04240
2018-09-05,29.97980
2018-09-06,29.98990
2018-09-07,30.01480
2018-09-10,29.92190
2018-09-11,29.85550
2018-09-12,29.88600
2018-09-14,29.95070
2018-09-17,29.89310
2018-09-18,29.84140
2018-09-19,29.80330
2018-09-21,29.75510
2018-09-24,29.64360
2018-09-25,29.68680
2018-09-26,29.69110
2018-09-27,29.67560
2018-09-28,29.68480
2018-10-01,29.73610
2018-10-03,29.64310
2018-10-04,29.53060
2018-10-05,29.47840
2018-10-08,29.48150
2018-10-09,29.45770
2018-10-10,29.56710
2018-10-11,29.44920
2018-10-12,29.57770
2018-10-15,29.61970
2018-10-16,29.67130
2018-10-17,29.59550
2018-10-19,29.53410
2018-10-22,29.52230
2018-10-23,29.46850
2018-10-24,29.51610
2018-10-25,29.49520
2018-10-26,29.46190
2018-10-29,29.56890
2018-10-30,29.55870
2018-10-31,29.67090
2018-11-01,29.68240
2018-11-02,29.80370
2018-11-05,29.81070
2018-11-06,29.80990
2018-11-09,29.88490
2018-11-12,29.86240
2018-11-13,29.91790
2018-11-14,29.92980
2018-11-15,29.99580
2018-11-16,30.01270
2018-11-19,30.05200
2018-11-20,29.99830
2018-11-22,29.97010
2018-11-26,30.05060
2018-11-27,30.09080
2018-11-28,30.12880
2018-11-29,30.21170
2018-11-30,30.24130
2018-12-03,30.23520
2018-12-04,30.21850
2018-12-05,30.18640
2018-12-06,30.10230
2018-12-07,30.16780
2018-12-10,30.01470
2018-12-11,30.09090
2018-12-12,30.22990
2018-12-13,30.27740
2018-12-14,30.26810
2018-12-17,30.32990
2018-12-18,30.37250
2018-12-19,30.46560
2018-12-20,30.46810
2018-12-21,30.36840
2018-12-24,30.33850
2018-12-26,30.38280
2018-12-27,30.40910
2018-12-28,30.46630
2018-12-31,30.49010
2019-01-01,30.50500
2019-01-02,30.46970
2019-01-03,30.42670
2019-01-04,30.45760
2019-01-07,30.49550
2019-01-08,30.52020
2019-01-09,30.56360
2019-01-10,30.56460
2019-01-11,30.56460
2019-01-14,30.53870
2019-01-15,30.59970
2019-01-16,30.57720
2019-01-17,30.59870
2019-01-18,30.58240
2019-01-21,30.60640
2019-01-22,30.60890
2019-01-23,30.53970
2019-01-24,30.53960
2019-01-25,30.49400
2019-01-28,30.42980
2019-01-29,30.43260
2019-01-30,30.47260
2019-01-31,30.57810
2019-02-01,30.59380
2019-02-04,30.61180
2019-02-05,30.62250
2019-02-06,30.66000
2019-02-07,30.68500
2019-02-08,30.64670
2019-02-11,30.61500
2019-02-12,30.56460
2019-02-13,30.57180
2019-02-14,30.53800
2019-02-15,30.49630
2019-02-18,30.45400
2019-02-20,30.51200
2019-02-21,30.53650
2019-02-22,30.53300
2019-02-25,30.59400
2019-02-26,30.55330
2019-02-27,30.51640
2019-02-28,30.51570
2019-03-01,30.58180
2019-03-05,30.69660
2019-03-06,30.74670
2019-03-07,30.77080
2019-03-08,30.79540
2019-03-11,30.89280
2019-03-12,31.00600
2019-03-13,31.02890
2019-03-14,31.06360
2019-03-15,31.11600
2019-03-18,31.15060
2019-03-19,31.17680
2019-03-20,31.17280
2019-03-22,31.14270
2019-03-25,31.09170
2019-03-26,31.18200
2019-03-27,31.20050
2019-03-28,31.30930
2019-03-29,31.35820
2019-03-31,31.36760
2019-04-02,31.40870
2019-04-03,31.36220
2019-04-04,31.28530
2019-04-05,31.34070
2019-04-08,31.30420
2019-04-09,31.31420
2019-04-10,31.27680
2019-04-11,31.29120
2019-04-12,31.33710
2019-04-15,31.34770
2019-04-16,31.42960
2019-04-18,31.39920
2019-04-22,31.29170
2019-04-23,31.27780
2019-04-24,31.34390
2019-04-25,31.30380
2019-04-26,31.38290
2019-04-30,31.41880
2019-05-02,31.39020
2019-05-03,31.39490
2019-05-06,31.35050
2019-05-07,31.30350
2019-05-08,31.25630
2019-05-09,31.22930
2019-05-10,31.21040
2019-05-13,31.17890
2019-05-14,31.22800
2019-05-15,31.20260
2019-05-16,31.23990
2019-05-17,31.33060
2019-05-20,31.59370
2019-05-21,31.54750
2019-05-22,31.58420
2019-05-23,31.56990
2019-05-24,31.77960
2019-05-27,31.95700
2019-05-28,31.96620
2019-05-29,31.92490
2019-05-30,31.97820
2019-05-31,32.03280
2019-06-03,32.14320
2019-06-04,31.57180
2019-06-06,31.51100
2019-06-07,31.49150
2019-06-10,32.01170
2019-06-11,32.03890
2019-06-12,32.03050
2019-06-13,32.05160
2019-06-14,32.02330
2019-06-17,31.95120
2019-06-18,31.98770
2019-06-19,32.00150
2019-06-20,32.06520
2019-06-21,32.00160
2019-06-24,32.00420
2019-06-25,32.03000
2019-06-26,32.04160
2019-06-27,32.07470
2019-06-28,32.07480
2019-07-01,32.11260
2019-07-02,32.14230
2019-07-03,32.18120
2019-07-04,32.21560
2019-07-05,32.20090
2019-07-08,32.13290
2019-07-09,32.12620
2019-07-10,32.11920
2019-07-11,32.17570
2019-07-12,32.19640
2019-07-15,32.22130
2019-07-16,32.29530
2019-07-17,32.31220
2019-07-18,32.26710
2019-07-19,32.19630
2019-07-22,32.12300
2019-07-23,32.12370
2019-07-24,32.12800
2019-07-25,32.07360
2019-07-26,32.07490
2019-07-29,32.09890
2019-07-30,32.08050
2019-07-31,32.11210
2019-08-01,32.02810
2019-08-02,32.10960
2019-08-05,32.04290
2019-08-06,32.12640
2019-08-07,32.13240
2019-08-08,32.21830
2019-08-09,32.23370
2019-08-13,32.11590
2019-08-14,32.09570
2019-08-16,32.17340
2019-08-19,32.19040
2019-08-20,32.19410
2019-08-21,32.18900
2019-08-22,32.13080
2019-08-23,32.14010
2019-08-26,32.32640
2019-08-27,32.35090
2019-08-28,32.34000
2019-08-29,32.26370
2019-08-30,32.32540
2019-09-03,32.23340
2019-09-04,32.26640
2019-09-05,32.24440
2019-09-06,32.29270
2019-09-09,32.34590
2019-09-11,32.31570
2019-09-12,32.27970
2019-09-13,32.33350
2019-09-16,32.30350
2019-09-17,32.19870
2019-09-18,32.27260
2019-09-19,32.20930
2019-09-20,32.45350
2019-09-23,32.66890
2019-09-24,32.65310
2019-09-25,32.59920
2019-09-26,32.70990
2019-09-27,32.71180
2019-09-30,32.69540
2019-10-01,32.65080
2019-10-03,32.64560
2019-10-04,32.51820
2019-10-07,32.52260
2019-10-09,32.64720
2019-10-10,32.59000
2019-10-11,32.64130
2019-10-14,32.71560
2019-10-15,32.75410
2019-10-16,32.78590
2019-10-17,32.86570
2019-10-18,32.94330
2019-10-22,32.97300
2019-10-23,33.00870
2019-10-24,32.98050
2019-10-25,32.98310
2019-10-29,33.10040
2019-10-30,33.16630
2019-10-31,33.20220
2019-11-01,33.23440
2019-11-04,33.28070
2019-11-05,33.22930
2019-11-06,33.24570
2019-11-07,33.24160
2019-11-08,33.17550
2019-11-11,33.20320
2019-11-13,33.21510
2019-11-14,33.27390
2019-11-15,33.28690
2019-11-18,33.31720
2019-11-19,33.33660
2019-11-20,33.36380
2019-11-21,33.36860
2019-11-22,33.32590
2019-11-25,33.41070
2019-11-26,33.41320
2019-11-27,33.42150
2019-11-28,33.48590
2019-11-29,33.46070
2019-12-02,33.46030
2019-12-03,33.43030
2019-12-04,33.47060
2019-12-05,33.39650
2019-12-06,33.31390
2019-12-09,33.30730
2019-12-10,33.26300
2019-12-11,33.25270
2019-12-12,33.28240
2019-12-13,33.34020
2019-12-16,33.34010
2019-12-17,33.40270
2019-12-18,33.45490
2019-12-19,33.46590
2019-12-20,33.53220
2019-12-23,33.52840
2019-12-24,33.50660
2019-12-26,33.48190
2019-12-27,33.56590
2019-12-30,33.56080
2019-12-31,33.52480
2020-01-01,33.57210
2020-01-02,33.64420
2020-01-03,33.62140
2020-01-06,33.47060
2020-01-07,33.52850
2020-01-08,33.54090
2020-01-09,33.68050
2020-01-10,33.70070
2020-01-13,33.76030
2020-01-14,33.76370
2020-01-15,33.79600
2020-01-16,33.83640
2020-01-17,33.83830
2020-01-20,33.83540
2020-01-21,33.83520
2020-01-22,33.82500
2020-01-23,33.88780
2020-01-24,33.94380
2020-01-27,33.91680
2020-01-28,33.89010
2020-01-29,33.91560
2020-01-30,33.85880
2020-01-31,33.82720
2020-02-03,33.72110
2020-02-04,33.85390
2020-02-05,33.92170
2020-02-06,34.05060
2020-02-07,34.14230
2020-02-10,34.15860
2020-02-11,34.20500
2020-02-12,34.24810
2020-02-13,34.25600
2020-02-14,34.26350
2020-02-17,34.21270
2020-02-18,34.17370
2020-02-20,34.26770
2020-02-24,34.20410
2020-02-25,34.16110
2020-02-26,34.12120
2020-02-27,34.09380
2020-02-28,33.84090
2020-03-02,33.76680
2020-03-03,33.84740
2020-03-04,33.84000
2020-03-05,33.87910
2020-03-06,33.74090
2020-03-09,33.46470
2020-03-11,33.44240
2020-03-12,32.87060
2020-03-13,32.88490
2020-03-16,32.57650
2020-03-17,32.36050
2020-03-18,32.01200
2020-03-19,31.77960
2020-03-20,32.13260
2020-03-23,31.44910
2020-03-24,31.55940
2020-03-26,32.02980
2020-03-27,32.52090
2020-03-30,32.31050
2020-03-31,32.53100
2020-04-03,32.20990
2020-04-07,32.51340
2020-04-08,32.43460
2020-04-09,32.59770
2020-04-13,32.55400
2020-04-15,32.60830
2020-04-16,32.71250
2020-04-17,32.93660
2020-04-20,32.98280
2020-04-21,32.82030
2020-04-22,32.91360
2020-04-23,33.04230
2020-04-24,32.86180
2020-04-27,32.91210
2020-04-28,32.88650
2020-04-29,33.00390
2020-04-30,33.16590
2020-05-04,32.89190
2020-05-05,32.87510
2020-05-06,32.97160
2020-05-08,32.95760
2020-05-11,32.96780
2020-05-12,32.96400
2020-05-13,33.07130
2020-05-14,32.96040
2020-05-15,32.94170
2020-05-18,32.73020
2020-05-19,32.86530
2020-05-20,32.98320
2020-05-21,33.09460
2020-05-22,33.12890
2020-05-26,33.15910
2020-05-27,33.24760
2020-05-28,33.33360
2020-05-29,33.41050
2020-06-01,33.52040
2020-06-02,33.57850
2020-06-03,33.65580
2020-06-04,33.69550
2020-06-05,33.76610
2020-06-08,33.76460
2020-06-09,33.69540
2020-06-10,33.69720
2020-06-11,33.63250
2020-06-12,33.66770
2020-06-15,33.61290
2020-06-16,33.69100
2020-06-17,33.70000
2020-06-18,33.82820
2020-06-19,33.93060
2020-06-22,33.98970
2020-06-23,34.10770
2020-06-24,34.01950
2020-06-25,34.04040
2020-06-26,34.12960
2020-06-29,34.10350
2020-06-30,34.12160
2020-07-01,34.19850
2020-07-02,34.30150
2020-07-03,34.37690
2020-07-06,34.47040
2020-07-07,34.52280
2020-07-08,34.46760
2020-07-09,34.52300
2020-07-10,34.54620
2020-07-13,34.60500
2020-07-14,34.51160
2020-07-15,34.55650
2020-07-16,34.65730
2020-07-17,34.73960
2020-07-20,34.84750
2020-07-21,34.90380
2020-07-22,34.87300
2020-07-23,34.91010
2020-07-24,34.90610
2020-07-27,34.88380
2020-07-28,34.96170
2020-07-29,34.92900
2020-07-30,34.88170
2020-07-31,34.87710
2020-08-03,34.81110
2020-08-04,34.91260
2020-08-05,34.90110
2020-08-06,34.94660
2020-08-07,34.92790
2020-08-10,34.94190
2020-08-11,34.94750
2020-08-12,34.97160
2020-08-13,34.99010
2020-08-14,34.86700
2020-08-17,34.86070
2020-08-18,34.97460
2020-08-19,35.01290
2020-08-20,34.96070
2020-08-21,34.93030
2020-08-24,34.92860
2020-08-25,34.95720
2020-08-26,34.94630
2020-08-27,34.94820
2020-08-28,35.02330
2020-08-31,34.87180
2020-09-01,35.05980
2020-09-02,35.13340
2020-09-03,35.15030
2020-09-04,35.01480
2020-09-07,34.98480
2020-09-08,34.90850
2020-09-09,34.87430
2020-09-10,34.96550
2020-09-11,34.96160
2020-09-14,35.01760
2020-09-15,35.07760
2020-09-16,35.15600
2020-09-17,35.08640
2020-09-18,35.04730
2020-09-21,34.86770
2020-09-22,34.80740
2020-09-23,34.78220
2020-09-24,34.55360
2020-09-25,34.72440
2020-09-28,34.83610
2020-09-29,34.82690
2020-09-30,34.86220
2020-10-01,35.00870
2020-10-05,35.07520
2020-10-06,35.15490
2020-10-07,35.20110
2020-10-08,35.28070
2020-10-09,35.39880
2020-10-12,35.41110
2020-10-13,35.41520
2020-10-14,35.44940
2020-10-15,35.27160
2020-10-16,35.32200
2020-10-19,35.38280
2020-10-20,35.43830
2020-10-21,35.48760
2020-10-22,35.45860
2020-10-23,35.49030
2020-10-26,35.39920
2020-10-27,35.43420
2020-10-28,35.34590
2020-10-29,35.30530
2020-11-02,35.34030
2020-11-03,35.41830
2020-11-04,35.49150
2020-11-05,35.65910
2020-11-06,35.72980
2020-11-09,35.85710
2020-11-10,35.93320
2020-11-11,35.98860
2020-11-12,35.96330
2020-11-13,36.00050
2020-11-17,36.14370
2020-11-18,36.18730
2020-11-19,36.08180
2020-11-20,36.13740
2020-11-23,36.16160
2020-11-24,36.22500
2020-11-25,36.12540
2020-11-26,36.22830
2020-11-27,36.20580
2020-12-01,36.31020
2020-12-02,36.33260
2020-12-03,36.34400
2020-12-04,36.48740
2020-12-07,36.54660
2020-12-08,36.57980
2020-12-09,36.65380
2020-12-10,36.60350
2020-12-11,36.60800
2020-12-14,36.65830
2020-12-15,36.66670
2020-12-16,36.74030
2020-12-17,36.74640
2020-12-18,36.75410
2020-12-21,36.47160
2020-12-22,36.59870
2020-12-23,36.72560
2020-12-24,36.82250
2020-12-28,36.94720
2020-12-29,36.97570
2020-12-30,37.02660
2020-12-31,37.05700
2021-01-01,37.07700
2021-01-04,37.23170
2021-01-05,37.30260
2021-01-06,37.30470
2021-01-07,37.30070
2021-01-08,37.47420
2021-01-11,37.53350
2021-01-12,37.57160
2021-01-13,37.59250
2021-01-14,37.55910
2021-01-15,37.44570
2021-01-18,37.32120
2021-01-19,37.45640
2021-01-20,37.52390
2021-01-21,37.49680
2021-01-22,37.36240
2021-01-25,37.28740
2021-01-27,37.13910
2021-01-28,37.09220
2021-01-29,37.00440
2021-02-01,37.27090
2021-02-02,37.45120
2021-02-03,37.58120
2021-02-04,37.65220
2021-02-05,37.54680
2021-02-08,37.67330
2021-02-09,37.67430
2021-02-10,37.66910
2021-02-11,37.76320
2021-02-12,37.77270
2021-02-15,37.88220
2021-02-16,37.86220
2021-02-17,37.82290
2021-02-18,37.75890
2021-02-22,37.40180
2021-02-23,37.45430
2021-02-24,37.65070
2021-02-25,37.71620
2021-02-26,37.41080
2021-03-01,37.52440
2021-03-02,37.63830
2021-03-03,37.81230
2021-03-04,37.74820
2021-03-05,37.62160
2021-03-08,37.64090
2021-03-09,37.70420
2021-03-10,37.73960
2021-03-12,37.64700
2021-03-15,37.58840
2021-03-16,37.60540
2021-03-17,37.48230
2021-03-18,37.36050
2021-03-19,37.46980
2021-03-22,37.48180
2021-03-23,37.59420
2021-03-24,37.45060
2021-03-25,37.33600
2021-03-26,37.46540
2021-03-30,37.62500
2021-03-31,37.56810
2021-04-05,37.58790
2021-04-06,37.59800
2021-04-07,37.68940
2021-04-08,37.71240
2021-04-09,37.66830
2021-04-12,37.28540
2021-04-15,37.40280
2021-04-16,37.44210
2021-04-19,37.34290
2021-04-20,37.32380
2021-04-22,37.43680
2021-04-23,37.41910
2021-04-26,37.56630
2021-04-27,37.65790
2021-04-28,37.80270
2021-04-29,37.83840
2021-04-30,37.70630
2021-05-03,37.74470
2021-05-04,37.66070
2021-05-05,37.75320
2021-05-06,37.82830
2021-05-07,37.91360
2021-05-10,37.97250
2021-05-11,37.93920
2021-05-12,37.86050
2021-05-14,37.82840
2021-05-17,38.01900
2021-05-18,38.13720
2021-05-19,38.10270
2021-05-20,38.05490
2021-05-21,38.24680
2021-05-24,38.32000
2021-05-25,38.31170
2021-05-27,38.38630
2021-05-28,38.36140
2021-05-31,38.45030
2021-06-01,38.43130
2021-06-02,38.44160
2021-06-03,38.51570
2021-06-04,38.50830
2021-06-07,38.57080
2021-06-08,38.57880
2021-06-09,38.51140
2021-06-10,38.62000
2021-06-11,38.66060
2021-06-14,38.67250
2021-06-15,38.67440
2021-06-16,38.58390
2021-06-17,38.51170
2021-06-18,38.49490
2021-06-21,38.52800
2021-06-22,38.55160
2021-06-23,38.50030
2021-06-24,38.58970
2021-06-25,38.65180
2021-06-28,38.62170
2021-06-29,38.60310
2021-06-30,38.60440
2021-07-01,38.58760
2021-07-02,38.60700
2021-07-05,38.71560
2021-07-06,38.68480
2021-07-07,38.74780
2021-07-08,38.72160
2021-07-09,38.69330
2021-07-12,38.71180
2021-07-13,38.83990
2021-07-14,38.87050
2021-07-15,38.95970
2021-07-16,38.95650
2021-07-19,38.87910
2021-07-20,38.80630
2021-07-22,38.90140
2021-07-23,38.96090
2021-07-26,38.98410
2021-07-27,38.96450
2021-07-28,38.96570
2021-07-29,38.99910
2021-07-30,39.01010
2021-08-02,39.10650
2021-08-03,39.24130
2021-08-04,39.28610
2021-08-05,39.25180
2021-08-06,39.21200
2021-08-09,39.25370
2021-08-10,39.23960
2021-08-11,39.23880
2021-08-12,39.32380
2021-08-13,39.37330
2021-08-17,39.41460
2021-08-18,39.40360
2021-08-20,39.32450
2021-08-23,39.32360
2021-08-24,39.41400
2021-08-25,39.43370
2021-08-26,39.45850
2021-08-27,39.51970
2021-08-30,39.69170
2021-08-31,39.80440
2021-09-01,39.85780
2021-09-02,39.97110
2021-09-03,39.97610
2021-09-06,40.00140
2021-09-07,39.97740
2021-09-08,40.00510
2021-09-09,40.01270
2021-09-13,39.99610
2021-09-14,40.02160
2021-09-15,40.11020
2021-09-16,40.14630
2021-09-17,40.08910
2021-09-20,40.00150
2021-09-21,40.07860
2021-09-22,40.09050
2021-09-23,40.22220
2021-09-24,40.19660
2021-09-27,40.20330
2021-09-28,40.12380
2021-09-29,40.09960
2021-09-30,40.10190
2021-10-01,40.05770
2021-10-04,40.19390
2021-10-05,40.22830
2021-10-06,40.11590
2021-10-07,40.20340
2021-10-08,40.24330
2021-10-11,40.27720
2021-10-12,40.29020
2021-10-13,40.36790
2021-10-14,40.45970
2021-10-18,40.51430
2021-10-20,40.37650
2021-10-21,40.33790
2021-10-22,40.32910
2021-10-25,40.32580
2021-10-26,40.45030
2021-10-27,40.42510
2021-10-28,40.25220
2021-10-29,40.20510
2021-11-01,40.34780
2021-11-02,40.37680
2021-11-03,40.34410
2021-11-08,40.50710
2021-11-09,40.53030
2021-11-10,40.52020
2021-11-11,40.43360
2021-11-12,40.49680
2021-11-15,40.48360
2021-11-16,40.42060
2021-11-17,40.37650
2021-11-18,40.30490
2021-11-22,40.11280
2021-11-23,40.18270
2021-11-24,40.16520
2021-11-25,40.21220
2021-11-26,39.96800
2021-11-29,39.95920
2021-11-30,40.01570
2021-12-01,40.08140
2021-12-02,40.16840
2021-12-03,40.08780
2021-12-06,39.96020
2021-12-07,40.08690
2021-12-08,40.26200
2021-12-09,40.30260
2021-12-10,40.30730
2021-12-13,40.28570
2021-12-14,40.29330
2021-12-15,40.22980
2021-12-16,40.19060
2021-12-17,40.03300
2021-12-20,39.79230
2021-12-21,39.87290
2021-12-22,39.96780
2021-12-23,40.02470
2021-12-24,39.97690
2021-12-27,39.99840
2021-12-28,40.05480
2021-12-29,40.05770
2021-12-30,40.06210
2021-12-31,40.13230
2022-01-03,40.27050
2022-01-04,40.28600
2022-01-05,40.34350
2022-01-06,40.24870
2022-01-07,40.28230
2022-01-10,40.37760
2022-01-11,40.43570
2022-01-12,40.54920
2022-01-13,40.58890
2022-01-14,40.60020
2022-01-17,40.59720
2022-01-18,40.51980
2022-01-19,40.47000
2022-01-20,40.44250
2022-01-21,40.38310
2022-01-24,40.13290
2022-01-25,40.20000
2022-01-27,40.05040
2022-01-28,40.04900
2022-01-31,40.24040
2022-02-01,40.21220
2022-02-02,40.27220
2022-02-03,40.17520
2022-02-04,40.13920
2022-02-08,40.09020
2022-02-09,40.18730
2022-02-10,40.40520
2022-02-11,40.31610
2022-02-14,40.09360
2022-02-15,40.31580
2022-02-16,40.30780
2022-02-17,40.30610
2022-02-18,40.29100
2022-02-21,40.25820
2022-02-22,40.17110
2022-02-23,40.16390
2022-02-24,39.73690
2022-02-25,39.96840
2022-02-28,40.02600
2022-03-02,39.93280
2022-03-03,39.87330
2022-03-04,39.76240
2022-03-07,39.53100
2022-03-08,39.63490
2022-03-09,39.78740
2022-03-10,39.94770
2022-03-11,39.97410
2022-03-13,39.98350
