Date,NAV
2014-12-16,9.99360
2014-12-17,9.99080
2014-12-18,9.99780
2014-12-19,9.99490
2014-12-22,10.00050
2014-12-23,10.00700
2014-12-24,10.00720
2014-12-26,10.01040
2014-12-29,10.02250
2014-12-30,10.02930
2014-12-31,10.03560
2015-01-01,10.04020
2015-01-02,10.04130
2015-01-05,10.04630
2015-01-06,10.04350
2015-01-07,10.05060
2015-01-08,10.05530
2015-01-09,10.05870
2015-01-12,10.07290
2015-01-13,10.08060
2015-01-14,10.08310
2015-01-15,10.10250
2015-01-16,10.11400
2015-01-19,10.11850
2015-01-20,10.12110
2015-01-21,10.12990
2015-01-22,10.13240
2015-01-23,10.13420
2015-01-27,10.14440
2015-01-28,10.14830
2015-01-29,10.15210
2015-01-30,10.15450
2015-02-02,10.16730
2015-02-03,10.15610
2015-02-04,10.15330
2015-02-05,10.15400
2015-02-06,10.15520
2015-02-09,10.15400
2015-02-10,10.15700
2015-02-11,10.15620
2015-02-12,10.15250
2015-02-13,10.15840
2015-02-16,10.16350
2015-02-18,10.16780
2015-02-20,10.17560
2015-02-23,10.18470
2015-02-24,10.19020
2015-02-25,10.19670
2015-02-26,10.19700
2015-02-27,10.20050
2015-03-02,10.20700
2015-03-03,10.20610
2015-03-04,10.22490
2015-03-05,10.22560
2015-03-09,10.22730
2015-03-10,10.22550
2015-03-11,10.22450
2015-03-12,10.22900
2015-03-13,10.22160
2015-03-16,10.22670
2015-03-17,10.23110
2015-03-18,10.23070
2015-03-19,10.23730
2015-03-20,10.24080
2015-03-23,10.24880
2015-03-24,10.25000
2015-03-25,10.25330
2015-03-26,10.25450
2015-03-27,10.18630
2015-03-30,10.19370
2015-03-31,10.20950
2015-04-06,10.22610
2015-04-07,10.22610
2015-04-08,10.23000
2015-04-09,10.23250
2015-04-10,10.23610
2015-04-13,10.24340
2015-04-15,10.24810
2015-04-16,10.24830
2015-04-17,10.24960
2015-04-20,10.25680
2015-04-21,10.26040
2015-04-22,10.26620
2015-04-23,10.26500
2015-04-24,10.26770
2015-04-27,10.27260
2015-04-28,10.27540
2015-04-29,10.27300
2015-04-30,10.26430
2015-05-05,10.27320
2015-05-06,10.26430
2015-05-07,10.24770
2015-05-08,10.24990
2015-05-11,10.26530
2015-05-12,10.26650
2015-05-13,10.27220
2015-05-14,10.27650
2015-05-15,10.27760
2015-05-18,10.29060
2015-05-19,10.30130
2015-05-20,10.30600
2015-05-21,10.31020
2015-05-22,10.31370
2015-05-25,10.32230
2015-05-26,10.32340
2015-05-27,10.32610
2015-05-28,10.33350
2015-05-29,10.34070
2015-06-01,10.35450
2015-06-02,10.34040
2015-06-03,10.33590
2015-06-04,10.33060
2015-06-05,10.33540
2015-06-08,10.34040
2015-06-09,10.34690
2015-06-10,10.34370
2015-06-11,10.33730
2015-06-12,10.33790
2015-06-15,10.35010
2015-06-16,10.34710
2015-06-17,10.35950
2015-06-18,10.37410
2015-06-19,10.38250
2015-06-22,10.38880
2015-06-23,10.38810
2015-06-24,10.38480
2015-06-25,10.37920
2015-06-26,10.38150
2015-06-29,10.37840
2015-06-30,10.38550
2015-07-01,10.39470
2015-07-02,10.40070
2015-07-03,10.40630
2015-07-06,10.41920
2015-07-07,10.42130
2015-07-08,10.42150
2015-07-09,10.42230
2015-07-10,10.42590
2015-07-13,10.42440
2015-07-14,10.43120
2015-07-15,10.43470
2015-07-16,10.43810
2015-07-17,10.44170
2015-07-20,10.44800
2015-07-21,10.45040
2015-07-22,10.45410
2015-07-23,10.45800
2015-07-24,10.46050
2015-07-27,10.46840
2015-07-28,10.47730
2015-07-29,10.48410
2015-07-30,10.48680
2015-07-31,10.49210
2015-08-03,10.49890
2015-08-04,10.49730
2015-08-05,10.49940
2015-08-06,10.50370
2015-08-07,10.50820
2015-08-10,10.51540
2015-08-11,10.51870
2015-08-12,10.52140
2015-08-13,10.53260
2015-08-14,10.53920
2015-08-17,10.54590
2015-08-19,10.55060
2015-08-20,10.55610
2015-08-21,10.55390
2015-08-24,10.54590
2015-08-25,10.55330
2015-08-26,10.55600
2015-08-27,10.56350
2015-08-28,10.56550
2015-08-31,10.57050
2015-09-01,10.57190
2015-09-02,10.57030
2015-09-03,10.56170
2015-09-04,10.55920
2015-09-07,10.56220
2015-09-08,10.56530
2015-09-09,10.56970
2015-09-10,10.56410
2015-09-11,10.56520
2015-09-14,10.57180
2015-09-15,10.57490
2015-09-16,10.57360
2015-09-18,10.58540
2015-09-21,10.59260
2015-09-22,10.59270
2015-09-23,10.59950
2015-09-24,10.60100
2015-09-28,10.61160
2015-09-29,10.64570
2015-09-30,10.66040
2015-10-01,10.66150
2015-10-05,10.67780
2015-10-06,10.67960
2015-10-07,10.67970
2015-10-08,10.68580
2015-10-09,10.68960
2015-10-12,10.69400
2015-10-13,10.69710
2015-10-14,10.70310
2015-10-15,10.70640
2015-10-16,10.71110
2015-10-19,10.71890
2015-10-20,10.72190
2015-10-21,10.72410
2015-10-23,10.73370
2015-10-26,10.73770
2015-10-27,10.73940
2015-10-28,10.74330
2015-10-29,10.74140
2015-10-30,10.74240
2015-11-02,10.75120
2015-11-03,10.75460
2015-11-04,10.75250
2015-11-05,10.75230
2015-11-06,10.75480
2015-11-09,10.75490
2015-11-10,10.75780
2015-11-13,10.76920
2015-11-16,10.77770
2015-11-17,10.77840
2015-11-18,10.77910
2015-11-19,10.78210
2015-11-20,10.78140
2015-11-23,10.78390
2015-11-24,10.78520
2015-11-26,10.78710
2015-11-27,10.78510
2015-11-30,10.78860
2015-12-01,10.79560
2015-12-02,10.79990
2015-12-03,10.80540
2015-12-04,10.79970
2015-12-07,10.80290
2015-12-08,10.79820
2015-12-09,10.79880
2015-12-10,10.79870
2015-12-11,10.79790
2015-12-14,10.80260
2015-12-15,10.80330
2015-12-16,10.80750
2015-12-17,10.81040
2015-12-18,10.81460
2015-12-21,10.82040
2015-12-22,10.82120
2015-12-23,10.82160
2015-12-28,10.83340
2015-12-29,10.83580
2015-12-30,10.83930
2015-12-31,10.84540
2016-01-01,10.85140
2016-01-04,10.86290
2016-01-05,10.86590
2016-01-06,10.86940
2016-01-07,10.87390
2016-01-08,10.88400
2016-01-11,10.89290
2016-01-12,10.89050
2016-01-13,10.88740
2016-01-14,10.88570
2016-01-15,10.88630
2016-01-18,10.89490
2016-01-19,10.89800
2016-01-20,10.89800
2016-01-21,10.90590
2016-01-22,10.90860
2016-01-25,10.91220
2016-01-27,10.91520
2016-01-28,10.91190
2016-01-29,10.91450
2016-02-01,10.92150
2016-02-02,10.91930
2016-02-03,10.91320
2016-02-04,10.91430
2016-02-05,10.91040
2016-02-08,10.92190
2016-02-09,10.92580
2016-02-10,10.92870
2016-02-11,10.93080
2016-02-12,10.92740
2016-02-15,10.93310
2016-02-16,10.93380
2016-02-17,10.93170
2016-02-18,10.93320
2016-02-22,10.93530
2016-02-23,10.91470
2016-02-24,10.91450
2016-02-25,10.90540
2016-02-26,10.90880
2016-02-29,10.93770
2016-03-01,10.94680
2016-03-02,10.95400
2016-03-03,10.95820
2016-03-04,10.96160
2016-03-08,10.97250
2016-03-09,10.97600
2016-03-10,10.97400
2016-03-11,10.97550
2016-03-14,10.98690
2016-03-15,10.99560
2016-03-16,11.00140
2016-03-17,11.01140
2016-03-18,11.02010
2016-03-21,11.03760
2016-03-22,11.03920
2016-03-23,11.03780
2016-03-28,11.04930
2016-03-29,10.44980
2016-03-30,10.45630
2016-03-31,10.47780
2016-04-04,10.49920
2016-04-05,10.51350
2016-04-06,10.51720
2016-04-07,10.52230
2016-04-11,10.53200
2016-04-12,10.53700
2016-04-13,10.53820
2016-04-18,10.54930
2016-04-20,10.54940
2016-04-21,10.54850
2016-04-22,10.54970
2016-04-25,10.55590
2016-04-26,10.55560
2016-04-27,10.55480
2016-04-28,10.55550
2016-04-29,10.55710
2016-05-02,10.56310
2016-05-03,10.56310
2016-05-04,10.56330
2016-05-05,10.56570
2016-05-06,10.56730
2016-05-09,10.57310
2016-05-10,10.57490
2016-05-11,10.57770
2016-05-12,10.58340
2016-05-13,10.58440
2016-05-16,10.59080
2016-05-17,10.59320
2016-05-18,10.59580
2016-05-19,10.60010
2016-05-20,10.60200
2016-05-23,10.60990
2016-05-24,10.61330
2016-05-25,10.61550
2016-05-26,10.61770
2016-05-27,10.62100
2016-05-30,10.62670
2016-05-31,10.62760
2016-06-01,10.63020
2016-06-02,10.63230
2016-06-03,10.63830
2016-06-06,10.64730
2016-06-07,10.65050
2016-06-08,10.65280
2016-06-09,10.65820
2016-06-10,10.66190
2016-06-13,10.66570
2016-06-14,10.66700
2016-06-15,10.67040
2016-06-16,10.67330
2016-06-17,10.67540
2016-06-20,10.67930
2016-06-21,10.68370
2016-06-22,10.68730
2016-06-23,10.69080
2016-06-24,10.69210
2016-06-27,10.70040
2016-06-28,10.70190
2016-06-29,10.70630
2016-06-30,10.71040
2016-07-01,10.71860
2016-07-04,10.72570
2016-07-05,10.73080
2016-07-07,10.73770
2016-07-08,10.74050
2016-07-11,10.75180
2016-07-12,10.77030
2016-07-13,10.77660
2016-07-14,10.78210
2016-07-15,10.78330
2016-07-18,10.79270
2016-07-19,10.79540
2016-07-20,10.80370
2016-07-21,10.80730
2016-07-22,10.81190
2016-07-25,10.82130
2016-07-26,10.82800
2016-07-27,10.83060
2016-07-28,10.84320
2016-07-29,10.84970
2016-08-01,10.86180
2016-08-02,10.86910
2016-08-03,10.87240
2016-08-04,10.87410
2016-08-05,10.87900
2016-08-08,10.88570
2016-08-09,10.89850
2016-08-10,10.90720
2016-08-11,10.91940
2016-08-12,10.91780
2016-08-16,10.92720
2016-08-18,10.92470
2016-08-19,10.92480
2016-08-22,10.92660
2016-08-23,10.92910
2016-08-24,10.93260
2016-08-25,10.93990
2016-08-26,10.94750
2016-08-29,10.95400
2016-08-30,10.95660
2016-08-31,10.95960
2016-09-01,10.96450
2016-09-02,10.96630
2016-09-06,10.97710
2016-09-07,10.98420
2016-09-08,10.99260
2016-09-09,10.99410
2016-09-12,11.00130
2016-09-14,10.99850
2016-09-15,11.00520
2016-09-16,11.00980
2016-09-19,11.01810
2016-09-20,11.01970
2016-09-21,11.02100
2016-09-22,11.03170
2016-09-23,11.03730
2016-09-26,11.05260
2016-09-27,11.05940
2016-09-28,11.06770
2016-09-29,11.05800
2016-09-30,11.06660
2016-10-03,11.08390
2016-10-04,11.09250
2016-10-05,11.11960
2016-10-06,11.12470
2016-10-07,11.12450
2016-10-10,11.13470
2016-10-13,11.13970
2016-10-14,11.13600
2016-10-17,11.14020
2016-10-18,11.14470
2016-10-19,11.15010
2016-10-20,11.15000
2016-10-21,11.15060
2016-10-24,11.15590
2016-10-25,11.15290
2016-10-26,11.15240
2016-10-27,11.15060
2016-10-28,11.15220
2016-11-01,11.16080
2016-11-02,11.16410
2016-11-03,11.16310
2016-11-04,11.16190
2016-11-07,11.16800
2016-11-08,11.17070
2016-11-09,11.19340
2016-11-10,11.20340
2016-11-11,11.20150
2016-11-15,11.23840
2016-11-16,11.27290
2016-11-17,11.27790
2016-11-18,11.27390
2016-11-21,11.30130
2016-11-22,11.30060
2016-11-23,11.30620
2016-11-24,11.32140
2016-11-25,11.32090
2016-11-28,11.31020
2016-11-29,11.30700
2016-11-30,11.31770
2016-12-01,11.32400
2016-12-02,11.32450
2016-12-05,11.33180
2016-12-06,11.33400
2016-12-07,11.28950
2016-12-08,11.27650
2016-12-09,11.28420
2016-12-13,11.29270
2016-12-14,11.29840
2016-12-15,11.29280
2016-12-16,11.28650
2016-12-19,11.29280
2016-12-20,11.29400
2016-12-21,11.29700
2016-12-22,11.29740
2016-12-23,11.29780
2016-12-26,11.30060
2016-12-27,11.29750
2016-12-28,11.29540
2016-12-29,11.30210
2016-12-30,11.31320
2017-01-02,11.33650
2017-01-03,11.34500
2017-01-04,11.35620
2017-01-05,11.36030
2017-01-06,11.36540
2017-01-09,11.37340
2017-01-10,11.37830
2017-01-11,11.38400
2017-01-12,11.39220
2017-01-13,11.39380
2017-01-16,11.40290
2017-01-17,11.40700
2017-01-18,11.40900
2017-01-19,11.40920
2017-01-20,11.41160
2017-01-23,11.41610
2017-01-24,11.41990
2017-01-25,11.42070
2017-01-27,11.42470
2017-01-30,11.43470
2017-01-31,11.43810
2017-02-01,11.44340
2017-02-02,11.44580
2017-02-03,11.45040
2017-02-06,11.45590
2017-02-07,11.46230
2017-02-08,11.40990
2017-02-09,11.39710
2017-02-10,11.41600
2017-02-13,11.43050
2017-02-14,11.43610
2017-02-15,11.44000
2017-02-16,11.44310
2017-02-17,11.44500
2017-02-20,11.45080
2017-02-22,11.44780
2017-02-23,11.44780
2017-02-27,11.45680
2017-02-28,11.46050
2017-03-01,11.45800
2017-03-02,11.45960
2017-03-03,11.46640
2017-03-06,11.46350
2017-03-07,11.46020
2017-03-08,11.45930
2017-03-09,11.45560
2017-03-10,11.44930
2017-03-14,11.45640
2017-03-15,11.46530
2017-03-16,11.47620
2017-03-17,11.47500
2017-03-20,11.47980
2017-03-21,11.48590
2017-03-22,11.49910
2017-03-23,10.80460
2017-03-24,10.80560
2017-03-27,10.81690
2017-03-29,10.82260
2017-03-30,10.82970
2017-03-31,10.83830
2017-04-03,10.84780
2017-04-05,10.85010
2017-04-06,10.83660
2017-04-07,10.83330
2017-04-10,10.84400
2017-04-11,10.84990
2017-04-12,10.85770
2017-04-13,10.86510
2017-04-17,10.87090
2017-04-18,10.87200
2017-04-19,10.87710
2017-04-20,10.88150
2017-04-21,10.87770
2017-04-24,10.88250
2017-04-25,10.88700
2017-04-26,10.88050
2017-04-27,10.88300
2017-04-28,10.88640
2017-05-02,10.89330
2017-05-03,10.89470
2017-05-04,10.89630
2017-05-05,10.89920
2017-05-08,10.90450
2017-05-09,10.90730
2017-05-11,10.91060
2017-05-12,10.91650
2017-05-15,10.93130
2017-05-16,10.93300
2017-05-17,10.93400
2017-05-18,10.93540
2017-05-19,10.93710
2017-05-22,10.94290
2017-05-23,10.94520
2017-05-24,10.94690
2017-05-25,10.95220
2017-05-26,10.95780
2017-05-29,10.96110
2017-05-30,10.96280
2017-05-31,10.96390
2017-06-01,10.97080
2017-06-02,10.97500
2017-06-05,10.98050
2017-06-06,10.98320
2017-06-07,10.99900
2017-06-08,11.01890
2017-06-09,11.02540
2017-06-12,11.02970
2017-06-13,11.03260
2017-06-14,11.03200
2017-06-15,11.03520
2017-06-16,11.03390
2017-06-19,11.04020
2017-06-20,11.04060
2017-06-21,11.04410
2017-06-22,11.04670
2017-06-23,11.04750
2017-06-27,11.04770
2017-06-28,11.04210
2017-06-29,11.04270
2017-06-30,11.04370
2017-07-03,11.03850
2017-07-04,11.04320
2017-07-05,11.04960
2017-07-06,11.05590
2017-07-07,11.05850
2017-07-10,11.07300
2017-07-11,11.07620
2017-07-12,11.08050
2017-07-13,11.08670
2017-07-14,11.08910
2017-07-17,11.09710
2017-07-18,11.10140
2017-07-19,11.10630
2017-07-20,11.10480
2017-07-21,11.11250
2017-07-24,11.11930
2017-07-25,11.11970
2017-07-26,11.11910
2017-07-27,11.12390
2017-07-28,11.12470
2017-07-31,11.12970
2017-08-01,11.13350
2017-08-02,11.13800
2017-08-03,11.14990
2017-08-04,11.15030
2017-08-07,11.15630
2017-08-08,11.16090
2017-08-09,11.16270
2017-08-10,11.16040
2017-08-11,11.15890
2017-08-14,11.16600
2017-08-16,11.16640
2017-08-18,11.17500
2017-08-21,11.18010
2017-08-22,11.18300
2017-08-23,11.18370
2017-08-24,11.18580
2017-08-28,11.19210
2017-08-29,11.19570
2017-08-30,11.19770
2017-08-31,11.20180
2017-09-01,11.21080
2017-09-04,11.21600
2017-09-05,11.21720
2017-09-06,11.22010
2017-09-07,11.22020
2017-09-08,11.22130
2017-09-11,11.22830
2017-09-12,11.22830
2017-09-13,11.22860
2017-09-14,11.23070
2017-09-15,11.22890
2017-09-18,11.23180
2017-09-19,11.23400
2017-09-20,11.23770
2017-09-21,11.22720
2017-09-22,11.22520
2017-09-25,11.23290
2017-09-26,11.23400
2017-09-27,11.23660
2017-09-28,11.24190
2017-09-29,11.24260
2017-10-03,11.26080
2017-10-04,11.25830
2017-10-05,11.25860
2017-10-06,11.26020
2017-10-09,11.26350
2017-10-10,11.26300
2017-10-11,11.26600
2017-10-12,11.26850
2017-10-13,11.27740
2017-10-16,11.28540
2017-10-17,11.28750
2017-10-18,11.28910
2017-10-23,11.29330
2017-10-24,11.29570
2017-10-25,11.30340
2017-10-26,11.31400
2017-10-27,11.31610
2017-10-30,11.32520
2017-10-31,11.32570
2017-11-01,11.32730
2017-11-02,11.32980
2017-11-03,11.33210
2017-11-06,11.33660
2017-11-07,11.33460
2017-11-08,11.33440
2017-11-09,11.33680
2017-11-10,11.33850
2017-11-13,11.34300
2017-11-14,11.33020
2017-11-15,11.33110
2017-11-16,11.32300
2017-11-17,11.32880
2017-11-20,11.34660
2017-11-21,11.34980
2017-11-22,11.34180
2017-11-23,11.33480
2017-11-24,11.33660
2017-11-27,11.34070
2017-11-28,11.33950
2017-11-29,11.34150
2017-11-30,11.34240
2017-12-04,11.35040
2017-12-05,11.35050
2017-12-06,11.35560
2017-12-07,11.35940
2017-12-08,11.36500
2017-12-11,11.36140
2017-12-12,11.36020
2017-12-13,11.35880
2017-12-14,11.35640
2017-12-15,11.35440
2017-12-18,11.35970
2017-12-19,11.36140
2017-12-20,11.35520
2017-12-21,11.34870
2017-12-22,11.35030
2017-12-26,11.35380
2017-12-27,11.35300
2017-12-28,11.34480
2017-12-29,11.35790
2018-01-01,11.36720
2018-01-02,11.37060
2018-01-03,11.37140
2018-01-04,11.36950
2018-01-05,11.37930
2018-01-08,11.38720
2018-01-09,11.38570
2018-01-10,11.37930
2018-01-11,11.38100
2018-01-12,11.38120
2018-01-15,11.39040
2018-01-16,11.38010
2018-01-17,11.39360
2018-01-18,11.39230
2018-01-19,11.39360
2018-01-22,11.39710
2018-01-23,11.40360
2018-01-24,11.40360
2018-01-25,11.40530
2018-01-29,11.41120
2018-01-30,11.40770
2018-01-31,11.41100
2018-02-01,11.39250
2018-02-02,11.39630
2018-02-05,11.40130
2018-02-06,11.40690
2018-02-07,11.41680
2018-02-08,11.42580
2018-02-09,11.42720
2018-02-12,11.43390
2018-02-14,11.44050
2018-02-15,11.43470
2018-02-16,11.43490
2018-02-20,11.43170
2018-02-21,11.42940
2018-02-22,11.42270
2018-02-23,11.43200
2018-02-26,11.43500
2018-02-27,11.43430
2018-02-28,11.43250
2018-03-01,11.42830
2018-03-05,11.43760
2018-03-06,11.44160
2018-03-07,11.45480
2018-03-08,11.46140
2018-03-09,11.46140
2018-03-12,11.47540
2018-03-13,11.48370
2018-03-14,11.48680
2018-03-15,11.49240
2018-03-16,11.50320
2018-03-19,11.50750
2018-03-20,11.50730
2018-03-21,11.50660
2018-03-22,11.51030
2018-03-23,11.51400
2018-03-26,11.51710
2018-03-27,10.94700
2018-03-28,10.95410
2018-04-03,10.97440
2018-04-04,10.97750
2018-04-05,10.99260
2018-04-06,10.99690
2018-04-09,11.00080
2018-04-10,10.99180
2018-04-11,10.98010
2018-04-12,10.98170
2018-04-13,10.98300
2018-04-16,10.98900
2018-04-17,10.98890
2018-04-18,10.98280
2018-04-19,10.96830
2018-04-20,10.95810
2018-04-23,10.95700
2018-04-24,10.95490
2018-04-25,10.94660
2018-04-26,10.93820
2018-04-27,10.93790
2018-05-02,10.95140
2018-05-03,10.95560
2018-05-04,10.95610
2018-05-07,10.96630
2018-05-08,10.96560
2018-05-09,10.95560
2018-05-10,10.95310
2018-05-11,10.95100
2018-05-14,10.95010
2018-05-15,10.93880
2018-05-16,10.92520
2018-05-17,10.91540
2018-05-18,10.92730
2018-05-21,10.92980
2018-05-22,10.93350
2018-05-23,10.93180
2018-05-24,10.93070
2018-05-25,10.94080
2018-05-28,10.95250
2018-05-29,10.95670
2018-05-30,10.96260
2018-05-31,10.95350
2018-06-01,10.95090
2018-06-04,10.95520
2018-06-05,10.95910
2018-06-06,10.95050
2018-06-07,10.94120
2018-06-08,10.94470
2018-06-11,10.94720
2018-06-12,10.94980
2018-06-13,10.95740
2018-06-14,10.96290
2018-06-15,10.97080
2018-06-18,10.98190
2018-06-19,10.98620
2018-06-20,10.98960
2018-06-21,10.99980
2018-06-22,11.00260
2018-06-25,11.00770
2018-06-26,11.00540
2018-06-27,11.00130
2018-06-28,10.99680
2018-06-29,10.99580
2018-07-02,11.00570
2018-07-03,11.00800
2018-07-04,11.01450
2018-07-05,11.01640
2018-07-06,11.01510
2018-07-09,11.01930
2018-07-10,11.02370
2018-07-11,11.02540
2018-07-12,11.03160
2018-07-13,11.04000
2018-07-16,11.04300
2018-07-17,11.04890
2018-07-18,11.05110
2018-07-19,11.05200
2018-07-20,11.05130
2018-07-23,11.05680
2018-07-24,11.05720
2018-07-25,11.05830
2018-07-26,11.06140
2018-07-27,11.06920
2018-07-30,11.07840
2018-07-31,11.08350
2018-08-01,11.09100
2018-08-02,11.09530
2018-08-03,11.09310
2018-08-06,11.09940
2018-08-07,11.10000
2018-08-08,11.10280
2018-08-09,11.10550
2018-08-10,11.10910
2018-08-13,11.10980
2018-08-14,11.11160
2018-08-16,11.11380
2018-08-20,11.12550
2018-08-21,11.12910
2018-08-23,11.13010
2018-08-24,11.13040
2018-08-27,11.13740
2018-08-28,11.13890
2018-08-29,11.14070
2018-08-30,11.13990
2018-08-31,11.13960
2018-09-03,11.14260
2018-09-04,11.13180
2018-09-05,11.13100
2018-09-06,11.13600
2018-09-07,11.14060
2018-09-10,11.13000
2018-09-11,11.13000
2018-09-12,11.12410
2018-09-14,11.13130
2018-09-17,11.13100
2018-09-18,11.12570
2018-09-19,11.12620
2018-09-21,11.12050
2018-09-24,11.10590
2018-09-25,11.08950
2018-09-26,11.09580
2018-09-27,11.11340
2018-09-28,11.12720
2018-10-01,11.14000
2018-10-03,11.13880
2018-10-04,11.12610
2018-10-05,11.14710
2018-10-08,11.15500
2018-10-09,11.14360
2018-10-10,11.14890
2018-10-11,11.15650
2018-10-12,11.15920
2018-10-15,11.17140
2018-10-16,11.17110
2018-10-17,11.17100
2018-10-19,11.17710
2018-10-22,11.18260
2018-10-23,11.18240
2018-10-24,11.18390
2018-10-25,11.18390
2018-10-26,11.18390
2018-10-29,11.18970
2018-10-30,11.19080
2018-10-31,11.18990
2018-11-01,11.18610
2018-11-02,11.19200
2018-11-05,11.19660
2018-11-06,11.19900
2018-11-09,11.20730
2018-11-12,11.20470
2018-11-13,11.21320
2018-11-14,11.21930
2018-11-15,11.22520
2018-11-16,11.22790
2018-11-19,11.23560
2018-11-20,11.23710
2018-11-22,11.24520
2018-11-26,11.25490
2018-11-27,11.25560
2018-11-28,11.26090
2018-11-29,11.26200
2018-11-30,11.27080
2018-12-03,11.27700
2018-12-04,11.27980
2018-12-05,11.29230
2018-12-06,11.30010
2018-12-07,11.29820
2018-12-10,11.28420
2018-12-11,11.28650
2018-12-12,11.29800
2018-12-13,11.30150
2018-12-14,11.30360
2018-12-17,11.31280
2018-12-18,11.31960
2018-12-19,11.33370
2018-12-20,11.33530
2018-12-21,11.33830
2018-12-24,11.34380
2018-12-26,11.35200
2018-12-27,11.35580
2018-12-28,11.34970
2018-12-31,11.35780
2019-01-01,11.35550
2019-01-02,11.36200
2019-01-03,11.36500
2019-01-04,11.36950
2019-01-07,11.37460
2019-01-08,11.38290
2019-01-09,11.38370
2019-01-10,11.38490
2019-01-11,11.38990
2019-01-14,11.40420
2019-01-15,11.40860
2019-01-16,11.40010
2019-01-17,11.40450
2019-01-18,11.40140
2019-01-21,11.40080
2019-01-22,11.41020
2019-01-23,11.41300
2019-01-24,11.41490
2019-01-25,11.41790
2019-01-28,11.42520
2019-01-29,11.42680
2019-01-30,11.42360
2019-01-31,11.40660
2019-02-01,11.38990
2019-02-04,11.38420
2019-02-05,11.38490
2019-02-06,11.38890
2019-02-07,11.41170
2019-02-08,11.42070
2019-02-11,11.42770
2019-02-12,11.42640
2019-02-13,11.44250
2019-02-14,11.43870
2019-02-15,11.43540
2019-02-18,11.42890
2019-02-20,11.43520
2019-02-21,11.43570
2019-02-22,11.43800
2019-02-25,11.44230
2019-02-26,11.44120
2019-02-27,11.43190
2019-02-28,11.43380
2019-03-01,11.43610
2019-03-05,11.44950
2019-03-06,11.45510
2019-03-07,11.46400
2019-03-08,11.47290
2019-03-11,11.48720
2019-03-12,11.49750
2019-03-13,11.50020
2019-03-14,11.51480
2019-03-15,11.51590
2019-03-18,11.51920
2019-03-19,11.51460
2019-03-20,11.51970
2019-03-22,11.52520
2019-03-25,11.53830
2019-03-26,11.13710
2019-03-27,11.13800
2019-03-28,11.14570
2019-03-29,11.16120
2019-04-02,11.19170
2019-04-03,11.18620
2019-04-04,11.17840
2019-04-05,11.17660
2019-04-08,11.17550
2019-04-09,11.17840
2019-04-10,11.18230
2019-04-11,11.18160
2019-04-12,11.18090
2019-04-15,11.18440
2019-04-16,11.18400
2019-04-18,11.18390
2019-04-22,11.17820
2019-04-23,11.17540
2019-04-24,11.17640
2019-04-25,11.16930
2019-04-26,11.17170
2019-04-30,11.17680
2019-05-02,11.17850
2019-05-03,11.18000
2019-05-06,11.18030
2019-05-07,11.18300
2019-05-08,11.18840
2019-05-09,11.19190
2019-05-10,11.19500
2019-05-13,11.19120
2019-05-14,11.18230
2019-05-15,11.15390
2019-05-16,11.15620
2019-05-17,11.16230
2019-05-20,11.17380
2019-05-21,11.17590
2019-05-22,11.17960
2019-05-23,11.19020
2019-05-24,11.19540
2019-05-27,11.21830
2019-05-28,11.22170
2019-05-29,11.22370
2019-05-30,11.22000
2019-05-31,11.23440
2019-06-03,11.24780
2019-06-04,10.92270
2019-06-06,10.81260
2019-06-07,10.80620
2019-06-10,10.79950
2019-06-11,10.84720
2019-06-12,10.85100
2019-06-13,10.84920
2019-06-14,10.86150
2019-06-17,10.86090
2019-06-18,10.87680
2019-06-19,10.87680
2019-06-20,10.88310
2019-06-21,10.87640
2019-06-24,10.88270
2019-06-25,10.88190
2019-06-26,10.87310
2019-06-27,10.87500
2019-06-28,10.87610
2019-07-01,10.88150
2019-07-02,10.88440
2019-07-03,10.89160
2019-07-04,10.89820
2019-07-05,10.90900
2019-07-08,10.92650
2019-07-09,10.92860
2019-07-10,10.93670
2019-07-11,10.94290
2019-07-12,10.94340
2019-07-15,10.95680
2019-07-16,10.97210
2019-07-17,10.97070
2019-07-18,10.96650
2019-07-19,10.96990
2019-07-22,10.96850
2019-07-23,10.96610
2019-07-24,10.97030
2019-07-25,10.95860
2019-07-26,10.95970
2019-07-29,10.96850
2019-07-30,10.96990
2019-07-31,10.97770
2019-08-01,10.97830
2019-08-02,10.98190
2019-08-05,10.97290
2019-08-06,10.97490
2019-08-07,10.96910
2019-08-08,10.97630
2019-08-09,10.96620
2019-08-13,10.95970
2019-08-14,10.94850
2019-08-16,10.95240
2019-08-19,10.95930
2019-08-20,10.95660
2019-08-21,10.94650
2019-08-22,10.95160
2019-08-23,10.93880
2019-08-26,10.94200
2019-08-27,10.94570
2019-08-28,10.94920
2019-08-29,10.94240
2019-08-30,10.93760
2019-09-03,10.95330
2019-09-04,10.94470
2019-09-05,10.94390
2019-09-06,10.94560
2019-09-09,10.95650
2019-09-11,10.95700
2019-09-12,10.95880
2019-09-13,10.33130
2019-09-16,10.33450
2019-09-17,10.33460
2019-09-18,10.36240
2019-09-19,10.34790
2019-09-20,10.33440
2019-09-23,10.32850
2019-09-24,10.32870
2019-09-25,10.33200
2019-09-26,10.33470
2019-09-27,10.33500
2019-09-30,10.36400
2019-10-01,10.37110
2019-10-03,10.38070
2019-10-04,10.38040
2019-10-07,10.38970
2019-10-09,10.39400
2019-10-10,10.39760
2019-10-11,10.40210
2019-10-14,10.41030
2019-10-15,10.41380
2019-10-16,10.40340
2019-10-17,10.37520
2019-10-18,10.37920
2019-10-22,10.38950
2019-10-23,10.39630
2019-10-24,10.40130
2019-10-25,10.40420
2019-10-29,10.38960
2019-10-30,10.35030
2019-10-31,10.33500
2019-11-01,10.33990
2019-11-04,10.33780
2019-11-05,10.33790
2019-11-06,10.34040
2019-11-07,10.34470
2019-11-08,10.34540
2019-11-11,10.35020
2019-11-13,10.35970
2019-11-14,10.36380
2019-11-15,10.36720
2019-11-18,10.37760
2019-11-19,10.35440
2019-11-20,10.35370
2019-11-21,10.35740
2019-11-22,10.36100
2019-11-25,10.37170
2019-11-26,10.37560
2019-11-27,10.37970
2019-11-28,10.38440
2019-11-29,10.38850
2019-12-02,10.39780
2019-12-03,10.40120
2019-12-04,10.40590
2019-12-05,10.39910
2019-12-06,10.39820
2019-12-09,10.40040
2019-12-10,10.40120
2019-12-11,10.40230
2019-12-12,10.40620
2019-12-13,10.40700
2019-12-16,10.41740
2019-12-17,10.42190
2019-12-18,10.42670
2019-12-19,10.43120
2019-12-20,10.43490
2019-12-23,10.44600
2019-12-24,10.42050
2019-12-26,10.42490
2019-12-27,10.42800
2019-12-30,10.43690
2019-12-31,10.43890
2020-01-01,10.44730
2020-01-02,10.44630
2020-01-03,10.45490
2020-01-06,10.46370
2020-01-07,10.46720
2020-01-08,10.47140
2020-01-09,10.47510
2020-01-10,10.47490
2020-01-13,10.48600
2020-01-14,10.48650
2020-01-15,10.49100
2020-01-16,10.49430
2020-01-17,9.40070
2020-01-20,9.40630
2020-01-21,9.39680
2020-01-22,9.40050
2020-01-23,9.40380
2020-01-24,9.40990
2020-01-27,9.30210
2020-01-28,9.30220
2020-01-29,9.30380
2020-01-30,9.30550
2020-01-31,9.30750
2020-02-03,9.31530
2020-02-04,9.31720
2020-02-05,9.31970
2020-02-06,9.33780
2020-02-07,9.34360
2020-02-10,9.35160
2020-02-11,9.35360
2020-02-12,9.36040
2020-02-13,9.36570
2020-02-14,9.37020
2020-02-17,8.44480
2020-02-18,8.44500
2020-02-20,8.45570
2020-02-24,8.46290
2020-02-25,8.46400
2020-02-26,8.46690
2020-02-27,8.46660
2020-02-28,8.46960
2020-03-02,8.47610
2020-03-03,8.47840
2020-03-04,8.49080
2020-03-05,8.25370
2020-03-06,7.83270
2020-03-09,7.83860
2020-03-11,7.83050
2020-03-12,7.80720
2020-03-13,7.78830
2020-03-16,7.83140
2020-03-17,7.81400
2020-03-18,7.79310
2020-03-19,7.75260
2020-03-20,7.76250
2020-03-23,7.74020
2020-03-24,7.74140
2020-03-26,7.75070
2020-03-27,7.84810
2020-03-30,7.83970
2020-03-31,7.85280
2020-04-03,7.84430
2020-04-07,7.83200
2020-04-08,7.81790
2020-04-09,7.81460
2020-04-13,7.82190
2020-04-15,7.83840
2020-04-16,7.84500
2020-04-17,7.87290
2020-04-20,7.90080
2020-04-21,7.90180
2020-04-22,7.90490
2020-04-23,7.92960
2020-04-24,7.91020
2020-04-27,7.87460
2020-04-28,7.85510
2020-04-29,7.85670
2020-04-30,7.86010
2020-05-04,7.86850
2020-05-05,7.87470
2020-05-06,7.87310
2020-05-08,7.88570
2020-05-11,7.85310
2020-05-12,7.85920
2020-05-13,7.86450
2020-05-14,7.87330
2020-05-15,7.87390
2020-05-18,7.88190
2020-05-19,7.89390
2020-05-20,7.89990
2020-05-21,7.90830
2020-05-22,7.92340
2020-05-26,7.93380
2020-05-27,7.92740
2020-05-28,7.92930
2020-05-29,7.92570
2020-06-01,7.92840
2020-06-02,7.92630
2020-06-03,7.92990
2020-06-04,7.93200
2020-06-05,7.93330
2020-06-08,7.93960
2020-06-09,7.94430
2020-06-10,7.94780
2020-06-11,7.95250
2020-06-12,7.95520
2020-06-15,7.96290
2020-06-16,7.97620
2020-06-17,7.97960
2020-06-18,7.99300
2020-06-19,8.00460
2020-06-22,8.00890
2020-06-23,8.00240
2020-06-24,8.00620
2020-06-25,8.01310
2020-06-26,8.01730
2020-06-29,8.02430
2020-06-30,8.02700
2020-07-01,8.03440
2020-07-02,8.04030
2020-07-03,8.04300
2020-07-06,8.05040
2020-07-07,7.31290
2020-07-08,7.31830
2020-07-09,7.32070
2020-07-10,7.33370
2020-07-13,7.33560
2020-07-14,7.33000
2020-07-15,7.33560
2020-07-16,7.33680
2020-07-17,7.33970
2020-07-20,7.32240
2020-07-21,7.31910
2020-07-22,7.31770
2020-07-23,7.31890
2020-07-24,7.32050
2020-07-27,7.31590
2020-07-28,7.31110
2020-07-29,7.31380
2020-07-30,7.31650
2020-07-31,7.31760
2020-08-03,7.31990
2020-08-04,7.32270
2020-08-05,7.32630
2020-08-06,7.32260
2020-08-07,7.32100
2020-08-10,7.32260
2020-08-11,7.32240
2020-08-12,7.30630
2020-08-13,7.31470
2020-08-14,7.31330
2020-08-17,7.31650
2020-08-18,7.32400
2020-08-19,7.32500
2020-08-20,7.32770
2020-08-21,7.31850
2020-08-24,7.30380
2020-08-25,7.30660
2020-08-26,7.30320
2020-08-27,7.30230
2020-08-28,7.30310
2020-08-31,7.31750
2020-09-01,7.32950
2020-09-02,7.33240
2020-09-03,7.33630
2020-09-04,7.33900
2020-09-07,7.33940
2020-09-08,7.32550
2020-09-09,7.32710
2020-09-10,7.32550
2020-09-11,7.32490
2020-09-14,7.32700
2020-09-15,7.32770
2020-09-16,7.33230
2020-09-17,7.33200
2020-09-18,7.34370
2020-09-21,7.36710
2020-09-22,7.36870
2020-09-23,7.37000
2020-09-24,7.37090
2020-09-25,7.37260
2020-09-28,7.37380
2020-09-29,7.37420
2020-09-30,7.38060
2020-10-01,7.38630
2020-10-05,7.39460
2020-10-06,7.39720
2020-10-07,7.40100
2020-10-08,7.40490
2020-10-09,7.42180
2020-10-12,7.43000
2020-10-13,7.43460
2020-10-14,7.43400
2020-10-15,7.43930
2020-10-16,7.43810
2020-10-19,7.44190
2020-10-20,7.44760
2020-10-21,7.44830
2020-10-22,7.44750
2020-10-23,7.45260
2020-10-26,7.46140
2020-10-27,7.45180
2020-10-28,7.44920
2020-10-29,7.44740
2020-11-02,7.45220
2020-11-03,7.45120
2020-11-04,7.45290
2020-11-05,7.46200
2020-11-06,7.46690
2020-11-09,7.46910
2020-11-10,7.46700
2020-11-11,7.46970
2020-11-12,7.47260
2020-11-13,7.47990
2020-11-17,7.48580
2020-11-18,7.48890
2020-11-19,7.49600
2020-11-20,7.49870
2020-11-23,7.49900
2020-11-24,7.50120
2020-11-25,7.50530
2020-11-26,7.50690
2020-11-27,7.50360
2020-12-01,7.50730
2020-12-02,7.50530
2020-12-03,7.50780
2020-12-04,7.51460
2020-12-07,7.51590
2020-12-08,7.51640
2020-12-09,7.51730
2020-12-10,7.51900
2020-12-11,7.51720
2020-12-14,7.52040
2020-12-15,7.52190
2020-12-16,7.52180
2020-12-17,7.52240
2020-12-18,7.52260
2020-12-21,7.52390
2020-12-22,7.52530
2020-12-23,7.52840
2020-12-24,7.52890
2020-12-28,7.53400
2020-12-29,7.53550
2020-12-30,7.53870
2020-12-31,7.53860
2021-01-01,7.54370
2021-01-04,7.54750
2021-01-05,7.55160
2021-01-06,7.55240
2021-01-07,7.55340
2021-01-08,7.55530
2021-01-11,7.54740
2021-01-12,7.54300
2021-01-13,7.54110
2021-01-14,7.54190
2021-01-15,7.53870
2021-01-18,7.53420
2021-01-19,7.53640
2021-01-20,7.53880
2021-01-21,7.53940
2021-01-22,7.53920
2021-01-25,7.54100
2021-01-27,7.54350
2021-01-28,7.54500
2021-01-29,7.54760
2021-02-01,7.53600
2021-02-02,7.53330
2021-02-03,7.53380
2021-02-04,7.53360
2021-02-05,7.53340
2021-02-08,7.53800
2021-02-09,7.53590
2021-02-10,7.53510
2021-02-11,7.53830
2021-02-12,7.54090
2021-02-15,7.54260
2021-02-16,7.55010
2021-02-17,7.55230
2021-02-18,7.55470
2021-02-22,7.55210
2021-02-23,7.55360
2021-02-24,7.55590
2021-02-25,7.55350
2021-02-26,7.55190
2021-03-01,7.55500
2021-03-02,7.55530
2021-03-03,7.55740
2021-03-04,7.55950
2021-03-05,7.56060
2021-03-08,7.56230
2021-03-09,7.56360
2021-03-10,7.55530
2021-03-12,7.55590
2021-03-15,7.55300
2021-03-16,7.55360
2021-03-17,7.55460
2021-03-18,7.55630
2021-03-19,7.55940
2021-03-22,7.56570
2021-03-23,7.57540
2021-03-24,7.57750
2021-03-25,7.57950
2021-03-26,7.58230
2021-03-30,7.58910
2021-03-31,7.59170
2021-04-05,7.60180
2021-04-06,7.60970
2021-04-07,7.60590
2021-04-08,7.61150
2021-04-09,7.61270
2021-04-12,7.61590
2021-04-15,7.61630
2021-04-16,7.61400
2021-04-19,7.61860
2021-04-20,7.62270
2021-04-22,7.62630
2021-04-23,7.62870
2021-04-26,7.63060
2021-04-27,7.63120
2021-04-28,7.63750
2021-04-29,7.63880
2021-04-30,7.64260
2021-05-03,7.64620
2021-05-04,7.64650
2021-05-05,7.64840
2021-05-06,7.65150
2021-05-07,7.65190
2021-05-10,7.65500
2021-05-11,7.65670
2021-05-12,7.65540
2021-05-14,7.65680
2021-05-17,7.65940
2021-05-18,7.66200
2021-05-19,7.66340
2021-05-20,7.66520
2021-05-21,7.66660
2021-05-24,7.66960
2021-05-25,7.67220
2021-05-27,7.67400
2021-05-28,7.67430
2021-05-31,7.67600
2021-06-01,7.67690
2021-06-02,7.67690
2021-06-03,7.67940
2021-06-04,7.68110
2021-06-07,7.68590
2021-06-08,7.68780
2021-06-09,7.69060
2021-06-10,7.69420
2021-06-11,7.69780
2021-06-14,7.70010
2021-06-15,7.69740
2021-06-16,7.69140
2021-06-17,7.69040
2021-06-18,7.69250
2021-06-21,7.69620
2021-06-22,7.69500
2021-06-23,7.69640
2021-06-24,7.69710
2021-06-25,7.69510
2021-06-28,7.69590
2021-06-29,7.69740
2021-06-30,7.69750
2021-07-01,7.69830
2021-07-02,7.69880
2021-07-05,7.70310
2021-07-06,7.70130
2021-07-07,7.70430
2021-07-08,7.70970
2021-07-09,7.71070
2021-07-12,7.71250
2021-07-13,7.71740
2021-07-14,7.72000
2021-07-15,7.72240
2021-07-16,7.72560
2021-07-19,7.72830
2021-07-20,7.73130
2021-07-22,7.73110
2021-07-23,7.73210
2021-07-26,7.73480
2021-07-27,7.73630
2021-07-28,7.73710
2021-07-29,7.73760
2021-07-30,7.73850
2021-08-02,7.74190
2021-08-03,7.74290
2021-08-04,7.74420
2021-08-05,7.74590
2021-08-06,7.74310
2021-08-09,7.74670
2021-08-10,7.75040
2021-08-11,7.75110
2021-08-12,7.75560
2021-08-13,7.75960
2021-08-17,7.76480
2021-08-18,7.76860
2021-08-20,7.77170
2021-08-23,7.77500
2021-08-24,7.77620
2021-08-25,7.77770
2021-08-26,7.77820
2021-08-27,7.78080
2021-08-30,7.78510
2021-08-31,7.78660
2021-09-01,7.79070
2021-09-02,7.79340
2021-09-03,7.79500
2021-09-06,7.79730
2021-09-07,7.79770
2021-09-08,7.80040
2021-09-09,7.80320
2021-09-13,7.80500
2021-09-14,7.80530
2021-09-15,7.80760
2021-09-16,7.80840
2021-09-17,7.80900
2021-09-20,7.81250
2021-09-21,7.81420
2021-09-22,8.47370
2021-09-23,8.47460
2021-09-24,8.47000
2021-09-27,8.47040
2021-09-28,8.47050
2021-09-29,9.00430
2021-09-30,9.00540
2021-10-01,9.00810
2021-10-04,9.01160
2021-10-05,9.01690
2021-10-06,9.02430
2021-10-07,9.02550
2021-10-08,9.02720
2021-10-11,9.02960
2021-10-12,9.03220
2021-10-13,9.03590
2021-10-14,9.09630
2021-10-18,9.10400
2021-10-20,9.11160
2021-10-21,9.10940
2021-10-22,9.10370
2021-10-25,9.10800
2021-10-26,9.11290
2021-10-27,9.11100
2021-10-28,9.09590
2021-10-29,9.10130
2021-11-01,9.10400
2021-11-02,9.10600
2021-11-03,9.10810
2021-11-08,9.12260
2021-11-09,9.12920
2021-11-10,9.12130
2021-11-11,9.12410
2021-11-12,9.12470
2021-11-15,9.12060
2021-11-16,9.12290
2021-11-17,9.12290
2021-11-18,9.12200
2021-11-22,9.12830
2021-11-23,9.12630
2021-11-24,9.12590
2021-11-25,9.12780
2021-11-26,9.13210
2021-11-29,9.13060
2021-11-30,9.12970
2021-12-01,9.13030
2021-12-02,9.13190
2021-12-03,9.13270
2021-12-06,9.13240
2021-12-07,9.13470
2021-12-08,9.14020
2021-12-09,9.13960
2021-12-10,9.14560
2021-12-13,9.15220
2021-12-14,9.15270
2021-12-15,9.14660
2021-12-16,9.14850
2021-12-17,9.14450
2021-12-20,9.15300
2021-12-21,9.14200
2021-12-22,9.14190
2021-12-23,9.14800
2021-12-24,9.15100
2021-12-27,9.14980
2021-12-28,9.15220
2021-12-29,9.15390
2021-12-30,9.15590
2021-12-31,9.15810
2022-01-03,9.16090
2022-01-04,9.15880
2022-01-05,9.15870
2022-01-06,9.15870
2022-01-07,9.15830
2022-01-10,9.16020
2022-01-11,9.16320
2022-01-12,9.16430
2022-01-13,9.16690
2022-01-14,9.16830
2022-01-17,9.16860
2022-01-18,9.16930
2022-01-19,9.17110
2022-01-20,9.17490
2022-01-21,9.17640
2022-01-24,9.17460
2022-01-25,9.18110
2022-01-27,9.17930
2022-01-28,9.17440
2022-01-31,9.18980
2022-02-01,9.17320
2022-02-02,9.16550
2022-02-03,9.16890
2022-02-04,9.17010
2022-02-08,9.17850
2022-02-09,9.18360
2022-02-10,9.20700
2022-02-11,9.21020
2022-02-14,9.21790
2022-02-15,9.21920
2022-02-16,9.21700
2022-02-17,9.21190
2022-02-18,9.21510
2022-02-21,9.21820
2022-02-22,9.20420
2022-02-23,9.21310
2022-02-24,9.21370
2022-02-25,9.21420
2022-02-28,9.22450
2022-03-02,9.21520
2022-03-03,9.21080
2022-03-04,9.21120
2022-03-07,9.20850
2022-03-08,9.20780
2022-03-09,9.21080
2022-03-10,9.21050
2022-03-11,9.21170
2022-03-14,9.21680
2022-03-15,9.21630
2022-03-16,9.21920
2022-03-17,9.23120
2022-03-21,9.23860
2022-03-22,9.23990
2022-03-23,9.22900
2022-03-24,9.23790
2022-03-25,9.24720
2022-03-28,9.25090
2022-03-29,9.25190
2022-03-30,9.25430
2022-03-31,9.25160
2022-04-04,9.25580
2022-04-05,9.25970
2022-04-06,9.25900
2022-04-07,9.26000
2022-04-08,9.23670
2022-04-11,9.22730
2022-04-12,9.23080
2022-04-13,9.22500
2022-04-18,9.23070
2022-04-19,9.24010
2022-04-20,9.24580
2022-04-21,9.24650
2022-04-22,9.24900
2022-04-25,9.25340
2022-04-26,9.25610
2022-04-27,9.26010
2022-04-28,9.25650
2022-04-29,9.25860
2022-05-02,9.26510
2022-05-04,9.20310
2022-05-05,9.19150
2022-05-06,9.19100
2022-05-09,9.19080
2022-05-10,9.19450
2022-05-11,9.19920
2022-05-12,9.20110
2022-05-13,9.19220
2022-05-17,9.20170
2022-05-18,9.20460
2022-05-19,9.20250
2022-05-20,9.21280
2022-05-23,9.21690
2022-05-24,9.21100
2022-05-25,9.21360
2022-05-26,9.21470
2022-05-27,9.22370
2022-05-30,9.22680
2022-05-31,9.22460
2022-06-01,9.21880
2022-06-02,9.21870
2022-06-03,9.21980
2022-06-06,9.21920
2022-06-07,9.20540
2022-06-08,9.21610
2022-06-09,9.21110
2022-06-10,9.20810
2022-06-13,9.20390
2022-06-14,9.20110
2022-06-15,9.19700
2022-06-16,9.19590
2022-06-17,9.20120
2022-06-20,9.21000
2022-06-21,9.21940
2022-06-22,9.21400
2022-06-23,9.21120
2022-06-24,9.21680
2022-06-27,9.22020
2022-06-28,9.21950
2022-06-29,9.22350
2022-06-30,9.22130
2022-07-01,9.22810
2022-07-04,9.23700
2022-07-05,9.23890
2022-07-06,9.26000
2022-07-07,9.24050
2022-07-08,9.24060
2022-07-11,9.24290
2022-07-12,9.24520
2022-07-13,9.24940
2022-07-14,9.24610
2022-07-15,9.25470
2022-07-18,9.25930
2022-07-19,9.25290
2022-07-20,9.25460
2022-07-21,9.25380
2022-07-22,9.25500
2022-07-25,9.26090
2022-07-26,9.26240
2022-07-27,9.26330
2022-07-28,9.27230
2022-07-29,9.26710
2022-08-01,9.27540
2022-08-02,9.28220
2022-08-03,9.28930
2022-08-04,9.29160
2022-08-05,9.28610
2022-08-08,9.28840
2022-08-10,9.29850
2022-08-11,9.29930
2022-08-12,9.30210
2022-08-17,9.31980
2022-08-18,9.32000
2022-08-19,9.31740
2022-08-22,9.32240
2022-08-23,9.32720
2022-08-24,9.32670
2022-08-25,9.32620
2022-08-26,9.33240
2022-08-29,9.33360
2022-08-30,9.33660
2022-09-01,9.34050
2022-09-02,9.34150
2022-09-05,9.34670
2022-09-06,9.34900
2022-09-07,9.34870
2022-09-08,9.35450
2022-09-09,9.36070
2022-09-12,9.36190
2022-09-13,9.36510
2022-09-14,9.36220
2022-09-15,9.35690
2022-09-16,9.35310
2022-09-19,9.35670
2022-09-20,9.35080
2022-09-21,9.35220
2022-09-22,9.33980
2022-09-23,9.33230
2022-09-26,9.33640
2022-09-27,9.33670
2022-09-28,9.33820
2022-09-29,9.34400
2022-09-30,9.34840
2022-10-03,9.34940
2022-10-04,9.35200
2022-10-06,9.35440
2022-10-07,9.35880
2022-10-10,9.34660
2022-10-11,9.34440
2022-10-12,9.34600
2022-10-13,9.34780
2022-10-14,9.35300
2022-10-17,9.36330
2022-10-18,9.37110
2022-10-19,9.36540
2022-10-20,9.35990
2022-10-21,9.36010
2022-10-25,9.37380
2022-10-27,9.38020
2022-10-28,9.38110
2022-10-31,9.38710
2022-11-01,9.39080
2022-11-02,9.39450
2022-11-03,9.39410
2022-11-04,9.39320
2022-11-07,9.39860
2022-11-09,9.40450
2022-11-10,9.41230
2022-11-11,9.42130
2022-11-14,9.42730
2022-11-15,9.43240
2022-11-16,9.43500
2022-11-17,9.43060
2022-11-18,9.43740
2022-11-21,9.44080
2022-11-22,9.44420
2022-11-23,9.44650
2022-11-24,9.44920
2022-11-25,9.46380
2022-11-28,9.46780
2022-11-29,9.46940
2022-11-30,9.47100
2022-12-01,9.47470
2022-12-02,9.47670
2022-12-05,9.48010
2022-12-06,9.48090
2022-12-07,9.47930
2022-12-08,9.48140
2022-12-09,9.48190
2022-12-12,9.48930
2022-12-13,9.49290
2022-12-14,9.49780
2022-12-15,9.49790
2022-12-16,9.49780
2022-12-19,9.50220
2022-12-20,9.50450
2022-12-21,9.51350
2022-12-22,9.51420
2022-12-23,9.51480
2022-12-26,9.51690
2022-12-27,9.51130
2022-12-28,9.51590
2022-12-29,9.50860
2022-12-30,9.51170
2023-01-02,9.52040
2023-01-03,9.52260
2023-01-04,9.52410
2023-01-05,9.52890
2023-01-06,9.52900
2023-01-09,9.53720
2023-01-10,9.53290
2023-01-11,9.54280
2023-01-12,9.54730
2023-01-13,9.54820
2023-01-16,9.54490
2023-01-17,9.54880
2023-01-18,9.55030
2023-01-19,9.55280
2023-01-20,9.55100
2023-01-23,9.55630
2023-01-24,9.55560
2023-01-25,9.55720
2023-01-27,9.55730
2023-01-30,9.55790
2023-01-31,9.56210
2023-02-01,9.57210
2023-02-02,9.57510
2023-02-03,9.58020
2023-02-06,9.58100
2023-02-07,9.58310
2023-02-08,9.58140
2023-02-09,9.58080
2023-02-10,9.58170
2023-02-13,9.58630
2023-02-14,9.58170
2023-02-15,9.58200
2023-02-16,9.58280
2023-02-17,9.58310
2023-02-20,9.58630
2023-02-21,9.59070
2023-02-22,9.59000
2023-02-23,9.59270
2023-02-24,9.58920
2023-02-27,9.58150
2023-02-28,9.58740
2023-03-01,9.59000
2023-03-02,9.59010
2023-03-03,9.59290
2023-03-06,9.59950
2023-03-08,9.59730
2023-03-09,9.59810
2023-03-10,9.59550
2023-03-13,9.60970
2023-03-14,9.61490
2023-03-15,9.61600
2023-03-16,9.61790
2023-03-17,9.61680
2023-03-20,9.62650
2023-03-21,9.62900
2023-03-23,9.63710
2023-03-24,9.63800
2023-03-27,9.64580
2023-03-28,9.64270
2023-03-29,9.64970
2023-03-31,9.65640
2023-04-03,9.66350
2023-04-05,9.67910
2023-04-06,9.69490
2023-04-10,9.70270
2023-04-11,9.68610
2023-04-12,9.69910
2023-04-13,9.70610
2023-04-17,9.71140
2023-04-18,9.71350
2023-04-19,9.71530
2023-04-20,9.71780
2023-04-21,9.72200
2023-04-24,9.73110
2023-04-25,9.73550
2023-04-26,9.73660
2023-04-27,9.73740
2023-04-28,9.74070
2023-05-02,9.75400
2023-05-03,9.76120
2023-05-04,9.76060
2023-05-08,9.76830
2023-05-09,9.76460
2023-05-10,9.76690
2023-05-11,9.76570
2023-05-12,9.77030
2023-05-15,9.77640
2023-05-16,9.77760
2023-05-17,9.78000
2023-05-18,9.78190
2023-05-19,9.78030
2023-05-22,9.79260
2023-05-23,9.79080
2023-05-24,9.79260
2023-05-25,9.79370
2023-05-26,9.79510
2023-05-29,9.79770
2023-05-30,9.80070
2023-05-31,9.80370
2023-06-01,9.80750
2023-06-02,9.81040
2023-06-05,9.81400
2023-06-06,9.81840
2023-06-07,9.82060
2023-06-08,9.81790
2023-06-09,9.81510
2023-06-12,9.82210
2023-06-13,9.82330
2023-06-14,9.82330
2023-06-15,9.82240
2023-06-16,9.82850
2023-06-19,9.83110
2023-06-20,9.83350
2023-06-21,9.83350
2023-06-22,9.83210
2023-06-23,9.83430
2023-06-26,9.83560
2023-06-27,9.83690
2023-06-28,9.83800
2023-06-30,9.83900
2023-07-03,9.84420
2023-07-04,9.84590
2023-07-05,9.84830
2023-07-06,9.84900
2023-07-07,9.84790
2023-07-10,9.85390
2023-07-11,9.85750
2023-07-12,9.86030
2023-07-13,9.86590
2023-07-14,9.86760
2023-07-17,9.87530
2023-07-18,9.87920
2023-07-19,9.88010
2023-07-20,9.88080
2023-07-21,9.87760
2023-07-24,9.88730
2023-07-25,9.88590
2023-07-26,9.89180
2023-07-27,9.89150
2023-07-28,9.88770
2023-07-31,9.89190
2023-08-01,9.89580
2023-08-02,9.89710
2023-08-03,9.89620
2023-08-04,9.89620
2023-08-07,9.90120
2023-08-08,9.90340
2023-08-09,9.90440
2023-08-10,9.90650
2023-08-11,9.90470
2023-08-14,9.90950
2023-08-17,9.90800
2023-08-18,9.91200
2023-08-21,9.92030
2023-08-22,9.92470
2023-08-23,9.92880
2023-08-24,9.93060
2023-08-25,9.93240
2023-08-28,9.93930
2023-08-29,9.94150
2023-08-30,9.94510
2023-08-31,9.94670
2023-09-01,9.94260
2023-09-04,9.94690
2023-09-05,9.94930
2023-09-06,9.95380
2023-09-07,9.95850
2023-09-08,9.95900
2023-09-11,9.96070
2023-09-12,9.96080
2023-09-13,9.96530
2023-09-14,9.97260
2023-09-15,9.96900
2023-09-18,9.97500
2023-09-20,9.97950
2023-09-21,9.98210
2023-09-22,9.98310
2023-09-25,9.98830
2023-09-26,9.99010
2023-09-27,9.99070
2023-09-29,9.99030
2023-10-03,9.99500
2023-10-04,9.99650
2023-10-05,10.00140
2023-10-06,9.98500
2023-10-09,9.98400
2023-10-10,9.98730
2023-10-11,9.99450
2023-10-12,9.99670
2023-10-13,9.99860
2023-10-16,10.00180
2023-10-17,10.00410
2023-10-18,10.00440
2023-10-19,10.00000
2023-10-20,10.00090
2023-10-23,10.00890
2023-10-25,10.01330
2023-10-26,10.01300
2023-10-27,10.00910
2023-10-30,10.01880
2023-10-31,10.02190
2023-11-01,10.02330
2023-11-02,10.02620
2023-11-03,10.02750
2023-11-06,10.03320
2023-11-07,10.03830
2023-11-08,10.04140
2023-11-09,10.04430
2023-11-10,10.04330
2023-11-13,10.04900
2023-11-15,10.05700
2023-11-16,10.05940
2023-11-17,10.06210
2023-11-20,10.06440
2023-11-21,10.06300
2023-11-22,10.06600
2023-11-23,10.06770
2023-11-24,10.06600
2023-11-28,10.07390
2023-11-29,10.07680
2023-11-30,10.07610
2023-12-01,10.07660
2023-12-04,10.08310
2023-12-05,10.08440
2023-12-06,10.08590
2023-12-07,10.08780
2023-12-08,10.08840
2023-12-11,10.09260
2023-12-12,10.09420
2023-12-13,10.09700
2023-12-14,10.10550
2023-12-15,10.11300
2023-12-18,10.11910
2023-12-19,10.11940
2023-12-20,10.12310
2023-12-21,10.12380
2023-12-22,10.12550
2023-12-26,10.13230
2023-12-27,10.13120
2023-12-28,10.13360
2023-12-29,10.13890
2024-01-01,10.14200
2024-01-02,10.14310
2024-01-03,10.14440
2024-01-04,10.14440
2024-01-05,10.14460
2024-01-08,10.15280
2024-01-09,10.15570
2024-01-10,10.15880
2024-01-11,10.16300
2024-01-12,10.16410
2024-01-15,10.17430
2024-01-16,10.17580
2024-01-17,10.17550
2024-01-18,10.17570
2024-01-19,10.17620
2024-01-23,10.18330
2024-01-24,10.18310
2024-01-25,10.18730
2024-01-29,10.19610
2024-01-30,10.19660
2024-01-31,10.20080
2024-02-01,10.21120
2024-02-02,10.21570
2024-02-05,10.21680
2024-02-06,10.21950
2024-02-07,10.22150
2024-02-08,10.22250
2024-02-09,10.22150
2024-02-12,10.22660
2024-02-13,10.22950
2024-02-14,10.22830
2024-02-15,10.23240
2024-02-16,10.23360
2024-02-20,10.24240
2024-02-21,10.24710
2024-02-22,10.24940
2024-02-23,10.24960
2024-02-26,10.25700
2024-02-27,10.25780
2024-02-28,10.25860
2024-02-29,10.26160
2024-03-01,10.26400
2024-03-04,10.26980
2024-03-05,10.27190
2024-03-06,10.27380
2024-03-07,10.27820
2024-03-11,10.28800
2024-03-12,10.29200
2024-03-13,10.29280
2024-03-14,10.29330
2024-03-15,10.29390
2024-03-18,10.29710
2024-03-19,10.29920
2024-03-20,10.30170
2024-03-21,10.31110
2024-03-22,10.31020
2024-03-26,10.31620
2024-03-27,10.32120
2024-03-28,10.33220
2024-03-31,10.33700
2024-04-02,10.33420
2024-04-03,10.33610
2024-04-04,10.33740
2024-04-05,10.33700
2024-04-08,10.33470
2024-04-10,10.34320
2024-04-12,10.34180
2024-04-15,10.34910
2024-04-16,10.34790
2024-04-18,10.34230
2024-04-19,10.33660
2024-04-22,10.34560
2024-04-23,10.35400
2024-04-24,10.35450
2024-04-25,10.35970
2024-04-26,10.35850
2024-04-29,10.36380
2024-04-30,10.36530
2024-05-02,10.37330
2024-05-03,10.37860
2024-05-06,10.38450
2024-05-07,10.38460
2024-05-08,10.38570
2024-05-09,10.38690
2024-05-10,10.38960
2024-05-13,10.39550
2024-05-14,10.39930
2024-05-15,10.40310
2024-05-16,10.40670
2024-05-17,10.40550
2024-05-21,10.41520
2024-05-22,10.42490
2024-05-24,10.42940
2024-05-27,10.43170
2024-05-28,10.43540
2024-05-29,10.43650
2024-05-30,10.44160
2024-05-31,10.44780
2024-06-03,10.45670
2024-06-04,10.43910
2024-06-05,10.44610
2024-06-06,10.45040
2024-06-07,10.45190
2024-06-10,10.45630
2024-06-11,10.46000
2024-06-12,10.46330
2024-06-13,10.46890
2024-06-14,10.46840
2024-06-18,10.47550
2024-06-19,10.47760
2024-06-20,10.47980
2024-06-21,10.48430
2024-06-24,10.49010
2024-06-25,10.49090
2024-06-26,10.49030
2024-06-27,10.49090
2024-06-28,10.49290
2024-07-01,10.49200
2024-07-02,10.49530
2024-07-03,10.49800
2024-07-04,10.49990
2024-07-05,10.50270
2024-07-08,10.51040
2024-07-09,10.51260
2024-07-10,10.51640
2024-07-11,10.51790
2024-07-12,10.52060
2024-07-15,10.52730
2024-07-16,10.53060
2024-07-18,10.53360
2024-07-19,10.53610
2024-07-22,10.54050
2024-07-23,10.54220
2024-07-24,10.54550
2024-07-25,10.54980
2024-07-26,10.55430
2024-07-29,10.56270
2024-07-30,10.56250
2024-07-31,10.56550
2024-08-01,10.56880
2024-08-02,10.57390
2024-08-05,10.58500
2024-08-06,10.58510
2024-08-07,10.58780
2024-08-08,10.58860
2024-08-09,10.58980
2024-08-12,10.59690
2024-08-13,10.59930
2024-08-14,10.60390
2024-08-16,10.60730
2024-08-19,10.61310
2024-08-20,10.61580
2024-08-21,10.61740
2024-08-22,10.61970
2024-08-23,10.62110
2024-08-26,10.62650
2024-08-27,10.63260
2024-08-28,10.63450
2024-08-29,10.63980
2024-08-30,10.64160
2024-09-02,10.64490
2024-09-03,10.64800
2024-09-04,10.69850
2024-09-05,10.70080
2024-09-06,10.70160
2024-09-09,10.71020
2024-09-10,10.71190
2024-09-11,10.71730
2024-09-12,10.72180
2024-09-13,10.72760
2024-09-16,10.73780
2024-09-17,10.73900
2024-09-19,10.74670
2024-09-20,10.74970
2024-09-23,10.75240
2024-09-24,10.75340
2024-09-25,10.75690
2024-09-26,10.76930
2024-09-27,10.76300
2024-09-30,10.76860
2024-10-01,10.77140
2024-10-03,10.77080
2024-10-04,10.77050
2024-10-07,10.77310
2024-10-08,10.77900
2024-10-09,10.78830
2024-10-10,10.78350
2024-10-11,10.78610
2024-10-14,10.79330
2024-10-15,10.79940
2024-10-16,10.80040
2024-10-17,10.80380
2024-10-18,10.80160
2024-10-21,10.80390
2024-10-22,10.80730
2024-10-23,10.81130
2024-10-24,10.81490
2024-10-25,10.81540
2024-10-28,10.81770
2024-10-29,10.82420
2024-10-30,10.82710
2024-10-31,10.82710
2024-11-04,10.83380
2024-11-05,10.83810
2024-11-06,10.84300
2024-11-07,10.84520
2024-11-08,10.85220
2024-11-11,10.85610
2024-11-12,10.85090
2024-11-13,10.85090
2024-11-14,10.85050
2024-11-18,10.85820
2024-11-19,10.86140
2024-11-21,10.86430
2024-11-22,10.86530
2024-11-25,10.87440
2024-11-26,10.87540
2024-11-27,10.87690
2024-11-28,10.88280
2024-11-29,10.89220
2024-12-02,10.90450
2024-12-03,10.90650
2024-12-04,10.90770
2024-12-05,10.90120
2024-12-06,10.90510
2024-12-09,10.91180
2024-12-10,10.91370
2024-12-11,10.91350
2024-12-12,10.91750
2024-12-13,10.91940
2024-12-16,10.92460
2024-12-17,10.92500
2024-12-18,10.92820
2024-12-19,10.92330
2024-12-20,10.92170
2024-12-23,10.92730
2024-12-24,10.92900
2024-12-26,10.93310
2024-12-27,10.93460
2024-12-30,10.93760
2024-12-31,10.93900
2025-01-01,10.94150
2025-01-02,10.94530
2025-01-03,10.94720
2025-01-06,10.95340
2025-01-07,10.95510
2025-01-08,10.95530
2025-01-09,10.95770
2025-01-10,10.95950
2025-01-13,10.95060
2025-01-14,10.95280
2025-01-15,10.95800
2025-01-16,10.96720
2025-01-17,10.97040
2025-01-20,10.97150
2025-01-21,10.97630
2025-01-22,10.98070
2025-01-23,10.98220
2025-01-24,10.98630
2025-01-27,10.99750
2025-01-28,11.00400
2025-01-29,11.00730
2025-01-30,11.00850
2025-01-31,11.00880
2025-02-03,11.02410
2025-02-04,11.02410
2025-02-05,11.02700
2025-02-06,11.02980
2025-02-07,11.02520
2025-02-10,11.02620
2025-02-11,11.03050
2025-02-12,11.03190
2025-02-13,11.03000
2025-02-14,11.03070
2025-02-17,11.03710
2025-02-18,11.04090
2025-02-20,11.04850
2025-02-21,11.05340
2025-02-24,11.05650
2025-02-25,11.06160
2025-02-27,11.06560
2025-02-28,11.06620
2025-03-03,11.06450
2025-03-04,11.06270
2025-03-05,11.06460
2025-03-06,11.07460
2025-03-07,11.07420
2025-03-10,11.07540
2025-03-11,11.08120
2025-03-12,11.08540
2025-03-13,11.09050
2025-03-17,11.09720
2025-03-18,11.09980
2025-03-19,11.11160
2025-03-20,11.11820
2025-03-21,11.12490
2025-03-24,11.13270
2025-03-25,11.13220
2025-03-26,11.13690
2025-03-27,11.14790
2025-03-28,11.15520
2025-03-31,11.16020
2025-04-02,11.19240
2025-04-03,11.19850
2025-04-04,11.20850
2025-04-07,11.20520
2025-04-08,11.21000
2025-04-09,11.21790
2025-04-11,11.22340
2025-04-15,11.23570
2025-04-16,11.24230
2025-04-17,11.25110
2025-04-21,11.26610
2025-04-22,11.27090
2025-04-23,11.27140
2025-04-24,11.27510
2025-04-25,11.26940
2025-04-28,11.27020
2025-04-29,11.27770
2025-04-30,11.28070
2025-05-02,11.28600
2025-05-05,11.29640
2025-05-06,11.28820
2025-05-07,11.29570
2025-05-08,11.28100
2025-05-09,11.28780
2025-05-13,11.31020
2025-05-14,11.32290
2025-05-15,11.32990
2025-05-16,11.34020
2025-05-19,11.34650
2025-05-20,11.35250
2025-05-21,11.36390
2025-05-22,11.35920
2025-05-23,11.36320
2025-05-26,11.36670
2025-05-27,11.37520
2025-05-28,11.37860
2025-05-29,11.38010
2025-05-30,11.38710
2025-06-02,11.38600
2025-06-03,11.38910
2025-06-04,11.38990
2025-06-05,11.38750
2025-06-06,11.40120
2025-06-09,11.40120
2025-06-10,11.38630
2025-06-11,11.38680
2025-06-12,11.38310
2025-06-13,11.38170
2025-06-16,11.39190
2025-06-17,11.39850
2025-06-18,11.39950
2025-06-19,11.39350
2025-06-20,11.38740
2025-06-23,11.39440
2025-06-24,11.40430
2025-06-25,11.40070
2025-06-26,11.40620
2025-06-27,11.40130
2025-06-30,11.41710
2025-07-01,11.42430
2025-07-02,11.43270
2025-07-03,11.43450
2025-07-04,11.44750
2025-07-07,11.45670
2025-07-08,11.45500
2025-07-09,11.44940
2025-07-10,11.44450
2025-07-11,11.44910
2025-07-14,11.45550
2025-07-15,11.46100
2025-07-16,11.45980
2025-07-17,11.46550
2025-07-18,11.46970
2025-07-21,11.47680
2025-07-22,11.47500
2025-07-23,11.47690
2025-07-24,11.48170
2025-07-25,11.47740
2025-07-28,11.47990
2025-07-29,11.48350
2025-07-30,11.47970
2025-07-31,11.48250
2025-08-01,11.48440
2025-08-04,11.50070
2025-08-05,11.49890
2025-08-06,11.48130
2025-08-07,11.48220
2025-08-08,11.48230
2025-08-11,11.48150
2025-08-12,11.47490
2025-08-13,11.47640
2025-08-14,11.48880
2025-08-18,11.48300
2025-08-19,11.48090
2025-08-20,11.48430
2025-08-21,11.48690
2025-08-22,11.48980
2025-08-25,11.48670
2025-08-26,11.47810
2025-08-28,11.50200
2025-08-29,11.50030
2025-09-01,11.50160
2025-09-02,11.50250
2025-09-03,11.50540
2025-09-04,11.51750
2025-09-05,11.52670
2025-09-09,11.53020
2025-09-10,11.53210
2025-09-11,11.53550
2025-09-12,11.53760
2025-09-15,11.54180
2025-09-16,11.54390
2025-09-17,11.55120
2025-09-18,11.54970
2025-09-19,11.55620
2025-09-22,11.56580
2025-09-23,11.56530
2025-09-24,11.57020
2025-09-25,11.56910
2025-09-26,11.57040
2025-09-30,11.56390
2025-10-01,11.58010
2025-10-03,11.59410
2025-10-06,11.60300
2025-10-07,11.60810
2025-10-08,11.60960
2025-10-09,11.60820
2025-10-10,11.60910
2025-10-13,11.61360
2025-10-14,11.61880
2025-10-15,11.62730
2025-10-16,11.62540
2025-10-17,11.62760
2025-10-20,11.63370
2025-10-23,11.63850
2025-10-24,11.64050
2025-10-27,11.64470
2025-10-28,11.64780
2025-10-29,11.64890
2025-10-30,11.65090
2025-10-31,11.65280
2025-11-03,11.66010
2025-11-04,11.66550
2025-11-06,11.67240
2025-11-07,11.67440
2025-11-10,11.68040
2025-11-11,11.68680
2025-11-12,11.68750
2025-11-13,11.68750
2025-11-14,11.68420
2025-11-17,11.68540
2025-11-18,11.68450
2025-11-19,11.68860
2025-11-20,11.68940
2025-11-21,11.69030
2025-11-24,11.69820
2025-11-25,11.70310
2025-11-26,11.70840
2025-11-27,11.71090
2025-11-28,11.71450
2025-12-01,11.71110
2025-12-02,11.71780
2025-12-03,11.71860
2025-12-04,11.71860
2025-12-05,11.72690
2025-12-08,11.72730
2025-12-09,11.71720
2025-12-10,11.71050
2025-12-11,11.71130
2025-12-12,11.71330
2025-12-15,11.71460
2025-12-16,11.71600
2025-12-17,11.71810
2025-12-18,11.72140
2025-12-19,11.72110
2025-12-22,11.71120
2025-12-23,11.71300
2025-12-24,11.72970
2025-12-26,11.73510
2025-12-29,11.74370
2025-12-30,11.74440
2025-12-31,11.75090
2026-01-01,11.75410
2026-01-02,11.75210
2026-01-05,11.74980
2026-01-06,11.75120
2026-01-07,11.75080
2026-01-08,11.74880
2026-01-09,11.75880
2026-01-12,11.76300
2026-01-13,11.75960
2026-01-14,11.75210
2026-01-16,11.74820
2026-01-19,11.74750
2026-01-20,11.74690
2026-01-21,11.74870
2026-01-22,11.75720
2026-01-23,11.75970
2026-01-27,11.76170
2026-01-28,11.76340
2026-01-29,11.76510
2026-01-30,11.77490
2026-02-02,11.77770
2026-02-03,11.78860
2026-02-04,11.80230
2026-02-05,11.80620
2026-02-06,11.79730
