Date,NAV
2019-07-26,10.01290
2019-07-29,9.99600
2019-07-30,9.88730
2019-07-31,9.95190
2019-08-01,9.91120
2019-08-02,9.95970
2019-08-05,9.90610
2019-08-06,9.98660
2019-08-07,9.97560
2019-08-08,10.06220
2019-08-09,10.14310
2019-08-13,9.98110
2019-08-14,9.98370
2019-08-16,10.01360
2019-08-19,10.04240
2019-08-20,10.06630
2019-08-21,10.05330
2019-08-22,10.00880
2019-08-23,10.00680
2019-08-26,10.10870
2019-08-27,10.13300
2019-08-28,10.07430
2019-08-29,10.04000
2019-08-30,10.08220
2019-09-03,10.01930
2019-09-04,10.03060
2019-09-05,10.05370
2019-09-06,10.15400
2019-09-09,10.22410
2019-09-11,10.28690
2019-09-12,10.28290
2019-09-13,10.33830
2019-09-16,10.32920
2019-09-17,10.16190
2019-09-18,10.15730
2019-09-19,10.06630
2019-09-20,10.39660
2019-09-23,10.64910
2019-09-24,10.63790
2019-09-25,10.48210
2019-09-26,10.52590
2019-09-27,10.49590
2019-09-30,10.44200
2019-10-01,10.35110
2019-10-03,10.28820
2019-10-04,10.20760
2019-10-07,10.20760
2019-10-09,10.27490
2019-10-10,10.20230
2019-10-11,10.20620
2019-10-14,10.29790
2019-10-15,10.36320
2019-10-16,10.39300
2019-10-17,10.48700
2019-10-18,10.59380
2019-10-22,10.59790
2019-10-23,10.61780
2019-10-24,10.60600
2019-10-25,10.61710
2019-10-29,10.73270
2019-10-30,10.75860
2019-10-31,10.79360
2019-11-01,10.85860
2019-11-04,10.80910
2019-11-05,10.81440
2019-11-06,10.83360
2019-11-07,10.86130
2019-11-08,10.78260
2019-11-11,10.76160
2019-11-13,10.69040
2019-11-14,10.76000
2019-11-15,10.74980
2019-11-18,10.76140
2019-11-19,10.77870
2019-11-20,10.81230
2019-11-21,10.80480
2019-11-22,10.72700
2019-11-25,10.80790
2019-11-26,10.75520
2019-11-27,10.78310
2019-11-28,10.82870
2019-11-29,10.78200
2019-12-02,10.70900
2019-12-03,10.67560
2019-12-04,10.74290
2019-12-05,10.70800
2019-12-06,10.63600
2019-12-09,10.65640
2019-12-10,10.58080
2019-12-11,10.61700
2019-12-12,10.63820
2019-12-13,10.68650
2019-12-16,10.65760
2019-12-17,10.69950
2019-12-18,10.74760
2019-12-19,10.78380
2019-12-20,10.81230
2019-12-23,10.83930
2019-12-24,10.86450
2019-12-26,10.82160
2019-12-27,10.87210
2019-12-30,10.89480
2019-12-31,10.86520
2020-01-01,10.88110
2020-01-02,10.98130
2020-01-03,10.93000
2020-01-06,10.79630
2020-01-07,10.80940
2020-01-08,10.83510
2020-01-09,10.92450
2020-01-10,10.94330
2020-01-13,10.95650
2020-01-14,11.03020
2020-01-15,11.07870
2020-01-16,11.08110
2020-01-17,11.09510
2020-01-20,11.02310
2020-01-21,11.00620
2020-01-22,10.99940
2020-01-23,11.03600
2020-01-24,11.02470
2020-01-27,10.99480
2020-01-28,10.99190
2020-01-29,11.02650
2020-01-30,10.96750
2020-01-31,10.95070
2020-02-03,10.85940
2020-02-04,11.04980
2020-02-05,11.09380
2020-02-06,11.13380
2020-02-07,11.14870
2020-02-10,11.08460
2020-02-11,11.14650
2020-02-12,11.17060
2020-02-13,11.19470
2020-02-14,11.10920
2020-02-17,11.12090
2020-02-18,11.06520
2020-02-19,11.14830
2020-02-20,11.12440
2020-02-24,11.00070
2020-02-25,10.94840
2020-02-26,10.81320
2020-02-27,10.79250
2020-02-28,10.55750
2020-03-02,10.51080
2020-03-03,10.63200
2020-03-04,10.58180
2020-03-05,10.60300
2020-03-06,10.45930
2020-03-09,10.12900
2020-03-11,10.15030
2020-03-12,9.50640
2020-03-13,9.64580
2020-03-16,9.15680
2020-03-17,9.08800
2020-03-18,8.79250
2020-03-19,8.53120
2020-03-20,8.73830
2020-03-23,7.88750
2020-03-24,7.94160
2020-03-25,8.20770
2020-03-26,8.38880
2020-03-27,8.42380
2020-03-30,8.22410
2020-03-31,8.42430
2020-04-01,8.24930
2020-04-03,8.14560
2020-04-07,8.65500
2020-04-08,8.76730
2020-04-09,9.12360
2020-04-13,9.06050
2020-04-15,8.93800
2020-04-16,8.96520
2020-04-17,9.22260
2020-04-20,9.11090
2020-04-21,8.81400
2020-04-22,8.86140
2020-04-23,8.95180
2020-04-24,8.85060
2020-04-27,8.95490
2020-04-28,9.04780
2020-04-29,9.19350
2020-04-30,9.35150
2020-05-04,9.01310
2020-05-05,8.93360
2020-05-06,9.06290
2020-05-07,9.03150
2020-05-08,8.99620
2020-05-11,9.11270
2020-05-12,9.15460
2020-05-13,9.33260
2020-05-14,9.26190
2020-05-15,9.24730
2020-05-18,8.95160
2020-05-19,9.01870
2020-05-20,9.11310
2020-05-21,9.26260
2020-05-22,9.24140
2020-05-26,9.26180
2020-05-27,9.48170
2020-05-28,9.60930
2020-05-29,9.71550
2020-06-01,9.88830
2020-06-02,10.00320
2020-06-03,10.02100
2020-06-04,10.03710
2020-06-05,10.15660
2020-06-08,10.21820
2020-06-09,10.15290
2020-06-10,10.16390
2020-06-11,9.99280
2020-06-12,9.99350
2020-06-15,9.94500
2020-06-16,10.01240
2020-06-17,10.03220
2020-06-18,10.10800
2020-06-19,10.19260
2020-06-22,10.31460
2020-06-23,10.47860
2020-06-24,10.38080
2020-06-25,10.38910
2020-06-26,10.47430
2020-06-29,10.43680
2020-06-30,10.38740
2020-07-01,10.47960
2020-07-02,10.59480
2020-07-03,10.65640
2020-07-06,10.79270
2020-07-07,10.91260
2020-07-08,10.86260
2020-07-09,10.86290
2020-07-10,10.79860
2020-07-13,10.78300
2020-07-14,10.68260
2020-07-15,10.88500
2020-07-16,10.95580
2020-07-17,11.00990
2020-07-20,11.17230
2020-07-21,11.21650
2020-07-22,11.15730
2020-07-23,11.21810
2020-07-24,11.29010
2020-07-27,11.31970
2020-07-28,11.51170
2020-07-29,11.45810
2020-07-30,11.45180
2020-07-31,11.50630
2020-08-03,11.48460
2020-08-04,11.60030
2020-08-05,11.61750
2020-08-06,11.70200
2020-08-07,11.71670
2020-08-10,11.78820
2020-08-11,11.81080
2020-08-12,11.79590
2020-08-13,11.85900
2020-08-14,11.74040
2020-08-17,11.79040
2020-08-18,11.85140
2020-08-19,11.91190
2020-08-20,11.87000
2020-08-21,11.97300
2020-08-24,12.08990
2020-08-25,12.03440
2020-08-26,12.16100
2020-08-27,12.19310
2020-08-28,12.19100
2020-08-31,11.88800
2020-09-01,11.90350
2020-09-02,12.07390
2020-09-03,12.09200
2020-09-04,11.93980
2020-09-07,11.93380
2020-09-08,11.87110
2020-09-09,11.83960
2020-09-10,11.89370
2020-09-11,11.94590
2020-09-14,12.33590
2020-09-15,12.46230
2020-09-16,12.54480
2020-09-17,12.53480
2020-09-18,12.62450
2020-09-21,12.25390
2020-09-22,12.19540
2020-09-23,12.27270
2020-09-24,12.00750
2020-09-25,12.23090
2020-09-28,12.53660
2020-09-29,12.57780
2020-09-30,12.60010
2020-10-01,12.62650
2020-10-05,12.74000
2020-10-06,12.72660
2020-10-07,12.69910
2020-10-08,12.80390
2020-10-09,12.84930
2020-10-12,12.90100
2020-10-13,12.89060
2020-10-14,12.88510
2020-10-15,12.64810
2020-10-16,12.69140
2020-10-19,12.67160
2020-10-20,12.66780
2020-10-21,12.64690
2020-10-22,12.63490
2020-10-23,12.69290
2020-10-26,12.58670
2020-10-27,12.59230
2020-10-28,12.50860
2020-10-29,12.42690
2020-10-30,12.49250
2020-11-02,12.40730
2020-11-03,12.49020
2020-11-04,12.50760
2020-11-05,12.65070
2020-11-06,12.69010
2020-11-09,12.77870
2020-11-10,12.72680
2020-11-11,12.92420
2020-11-12,13.00210
2020-11-13,13.03230
2020-11-17,13.10710
2020-11-18,13.06560
2020-11-19,12.99650
2020-11-20,13.09960
2020-11-23,13.21570
2020-11-24,13.32080
2020-11-25,13.13840
2020-11-26,13.20130
2020-11-27,13.27020
2020-12-01,13.34960
2020-12-02,13.39250
2020-12-03,13.48740
2020-12-04,13.56420
2020-12-07,13.56590
2020-12-08,13.56110
2020-12-09,13.66580
2020-12-10,13.67130
2020-12-11,13.70920
2020-12-14,13.66220
2020-12-15,13.68070
2020-12-16,13.74420
2020-12-17,13.75770
2020-12-18,13.76510
2020-12-21,13.44570
2020-12-22,13.59170
2020-12-23,13.82610
2020-12-24,13.90680
2020-12-28,13.98470
2020-12-29,14.03610
2020-12-30,14.11690
2020-12-31,14.10280
2021-01-01,14.14710
2021-01-04,14.27370
2021-01-05,14.32300
2021-01-06,14.25110
2021-01-07,14.25050
2021-01-08,14.40870
2021-01-11,14.53350
2021-01-12,14.60220
2021-01-13,14.62340
2021-01-14,14.69070
2021-01-15,14.56750
2021-01-18,14.44750
2021-01-19,14.55840
2021-01-20,14.66590
2021-01-21,14.56160
2021-01-22,14.46610
2021-01-25,14.42770
2021-01-27,14.34810
2021-01-28,14.28920
2021-01-29,14.11780
2021-02-01,14.36540
2021-02-02,14.55850
2021-02-03,14.66150
2021-02-04,14.81980
2021-02-05,14.78730
2021-02-08,14.91910
2021-02-09,14.89180
2021-02-10,14.88370
2021-02-11,14.97970
2021-02-12,14.98070
2021-02-15,15.01970
2021-02-16,14.94840
2021-02-17,14.88750
2021-02-18,14.89410
2021-02-19,14.79220
2021-02-22,14.64030
2021-02-23,14.69500
2021-02-24,14.80180
2021-02-25,14.81990
2021-02-26,14.54600
2021-03-01,14.69760
2021-03-02,14.89540
2021-03-03,14.94900
2021-03-04,14.94610
2021-03-05,14.80000
2021-03-08,14.82790
2021-03-09,14.83800
2021-03-10,14.92120
2021-03-12,14.88950
2021-03-15,14.89380
2021-03-16,15.03310
2021-03-17,14.91490
2021-03-18,14.84300
2021-03-19,15.06360
2021-03-22,15.03030
2021-03-23,15.10570
2021-03-24,14.96450
2021-03-25,14.66960
2021-03-26,14.76560
2021-03-30,14.92480
2021-03-31,14.89310
2021-04-01,15.00230
2021-04-05,14.86070
2021-04-06,14.95990
2021-04-07,15.15050
2021-04-08,15.19700
2021-04-09,15.23170
2021-04-12,14.76030
2021-04-13,14.81590
2021-04-15,14.88200
2021-04-16,15.06350
2021-04-19,14.93220
2021-04-20,14.92320
2021-04-22,14.99370
2021-04-23,15.00370
2021-04-26,15.09840
2021-04-27,15.20670
2021-04-28,15.31030
2021-04-29,15.31590
2021-04-30,15.18430
2021-05-03,15.25620
2021-05-04,15.22260
2021-05-05,15.36990
2021-05-06,15.52400
2021-05-07,15.58240
2021-05-10,15.68840
2021-05-11,15.67590
2021-05-12,15.57790
2021-05-14,15.51000
2021-05-17,15.72980
2021-05-18,15.82610
2021-05-19,15.89720
2021-05-20,15.77360
2021-05-21,15.87840
2021-05-24,15.93960
2021-05-25,15.98830
2021-05-26,16.02990
2021-05-27,16.12230
2021-05-28,16.13280
2021-05-31,16.22460
2021-06-01,16.13390
2021-06-02,16.12360
2021-06-03,16.17110
2021-06-04,16.16200
2021-06-07,16.27010
2021-06-08,16.32300
2021-06-09,16.23240
2021-06-10,16.34180
2021-06-11,16.35540
2021-06-14,16.32750
2021-06-15,16.40760
2021-06-16,16.36230
2021-06-17,16.27930
2021-06-18,16.21620
2021-06-21,16.21770
2021-06-22,16.25970
2021-06-23,16.22730
2021-06-24,16.33210
2021-06-25,16.44520
2021-06-28,16.48890
2021-06-29,16.42530
2021-06-30,16.45480
2021-07-01,16.48740
2021-07-02,16.57460
2021-07-05,16.65880
2021-07-06,16.65990
2021-07-07,16.65410
2021-07-08,16.60990
2021-07-09,16.58930
2021-07-12,16.63560
2021-07-13,16.83990
2021-07-14,17.02210
2021-07-15,17.17140
2021-07-16,17.25080
2021-07-19,17.27870
2021-07-20,17.10680
2021-07-22,17.21750
2021-07-23,17.32180
2021-07-26,17.38780
2021-07-27,17.32670
2021-07-28,17.20950
2021-07-29,17.23140
2021-07-30,17.26370
2021-08-02,17.38390
2021-08-03,17.45720
2021-08-04,17.37310
2021-08-05,17.44840
2021-08-06,17.46970
2021-08-09,17.42460
2021-08-10,17.34260
2021-08-11,17.24610
2021-08-12,17.35630
2021-08-13,17.49120
2021-08-16,17.38910
2021-08-17,17.49860
2021-08-18,17.46230
2021-08-20,17.31790
2021-08-23,17.35640
2021-08-24,17.45100
2021-08-25,17.43490
2021-08-26,17.43060
2021-08-27,17.52600
2021-08-30,17.76370
2021-08-31,17.94880
2021-09-01,18.00560
2021-09-02,18.11450
2021-09-03,18.17630
2021-09-06,18.30040
2021-09-07,18.27150
2021-09-08,18.31400
2021-09-09,18.38050
2021-09-13,18.46890
2021-09-14,18.52770
2021-09-15,18.68120
2021-09-16,18.82550
2021-09-17,18.75160
2021-09-20,18.65720
2021-09-21,18.82380
2021-09-22,18.96400
2021-09-23,19.14510
2021-09-24,19.09450
2021-09-27,19.10640
2021-09-28,18.96780
2021-09-29,19.04300
2021-09-30,19.02250
2021-10-01,18.90270
2021-10-04,19.08220
2021-10-05,19.10060
2021-10-06,18.94340
2021-10-07,19.16440
2021-10-08,19.40440
2021-10-11,19.61440
2021-10-12,19.65510
2021-10-13,19.77710
2021-10-14,19.98390
2021-10-18,20.02650
2021-10-19,19.98700
2021-10-20,19.74770
2021-10-21,19.52240
2021-10-22,19.35530
2021-10-25,19.15160
2021-10-26,19.29030
2021-10-27,19.31860
2021-10-28,18.91570
2021-10-29,18.89820
2021-11-01,19.15900
2021-11-02,19.22670
2021-11-03,19.09910
2021-11-08,19.40010
2021-11-09,19.39450
2021-11-10,19.41980
2021-11-11,19.25050
2021-11-12,19.37310
2021-11-15,19.53350
2021-11-16,19.54730
2021-11-17,19.56480
2021-11-18,19.30800
2021-11-22,18.98390
2021-11-23,19.14640
2021-11-24,19.03470
2021-11-25,19.02580
2021-11-26,18.67280
2021-11-29,18.55870
2021-11-30,18.71930
2021-12-01,18.84720
2021-12-02,19.12640
2021-12-03,19.06800
2021-12-06,18.71580
2021-12-07,18.97230
2021-12-08,19.28230
2021-12-09,19.37200
2021-12-10,19.54660
2021-12-13,19.51940
2021-12-14,19.54570
2021-12-15,19.38070
2021-12-16,19.22440
2021-12-17,19.03480
2021-12-20,18.62840
2021-12-21,18.76800
2021-12-22,18.97980
2021-12-23,19.06720
2021-12-24,19.00820
2021-12-27,19.11480
2021-12-28,19.24000
2021-12-29,19.18400
2021-12-30,19.23840
2021-12-31,19.45720
2022-01-03,19.60810
2022-01-04,19.70460
2022-01-05,19.74580
2022-01-06,19.64400
2022-01-07,19.66890
2022-01-10,19.79420
2022-01-11,19.81560
2022-01-12,19.88600
2022-01-13,19.91510
2022-01-14,19.91300
2022-01-17,19.97210
2022-01-18,19.75100
2022-01-19,19.73050
2022-01-20,19.72470
2022-01-21,19.58370
2022-01-24,19.14140
2022-01-25,19.34980
2022-01-27,19.18540
2022-01-28,19.13260
2022-01-31,19.37510
2022-02-01,19.55530
2022-02-02,19.79020
2022-02-03,19.73800
2022-02-04,19.64740
2022-02-07,19.37570
2022-02-08,19.39550
2022-02-09,19.58250
2022-02-10,19.64760
2022-02-11,19.43610
2022-02-14,18.99060
2022-02-15,19.35490
2022-02-16,19.35900
2022-02-17,19.30000
2022-02-18,19.27510
2022-02-21,19.16640
2022-02-22,18.96500
2022-02-23,18.97250
2022-02-24,18.16800
2022-02-25,18.63860
2022-02-28,18.69810
2022-03-02,18.51110
2022-03-03,18.53500
2022-03-04,18.31080
2022-03-07,18.00990
2022-03-08,18.19760
2022-03-09,18.37200
2022-03-10,18.52840
2022-03-11,18.58720
2022-03-14,18.76410
2022-03-15,18.61630
2022-03-16,18.87640
2022-03-17,19.04150
2022-03-21,18.91100
2022-03-22,19.02750
2022-03-23,19.07080
2022-03-24,19.12790
2022-03-25,19.00950
2022-03-28,19.12410
2022-03-29,19.06340
2022-03-30,19.13420
2022-03-31,19.14340
2022-04-01,19.42720
2022-04-04,19.79830
2022-04-05,20.01970
2022-04-06,19.96950
2022-04-07,19.83940
2022-04-08,19.93130
2022-04-11,19.83300
2022-04-12,19.60730
2022-04-13,19.51860
2022-04-18,19.28630
2022-04-19,19.09330
2022-04-20,19.21120
2022-04-21,19.41840
2022-04-22,19.29750
2022-04-25,19.10860
2022-04-26,19.32530
2022-04-27,19.19920
2022-04-28,19.38080
2022-04-29,19.06750
2022-05-02,19.06840
2022-05-04,18.81620
2022-05-05,18.79910
2022-05-06,18.61540
2022-05-09,18.57140
2022-05-10,18.44060
2022-05-11,18.38310
2022-05-12,18.05000
2022-05-13,18.06470
2022-05-16,18.13340
2022-05-17,18.53380
2022-05-18,18.51390
2022-05-19,18.24460
2022-05-20,18.57350
2022-05-23,18.57780
2022-05-24,18.47620
2022-05-25,18.35520
2022-05-26,18.48630
2022-05-27,18.68910
2022-05-30,18.93220
2022-05-31,19.02160
2022-06-01,18.93430
2022-06-02,18.91730
2022-06-03,18.80790
2022-06-06,18.74920
2022-06-07,18.66080
2022-06-08,18.62410
2022-06-09,18.70590
2022-06-10,18.54340
2022-06-13,18.17140
2022-06-14,18.15310
2022-06-15,18.19640
2022-06-16,17.79290
2022-06-17,17.64200
2022-06-20,17.61540
2022-06-21,17.94480
2022-06-22,17.73300
2022-06-23,17.90580
2022-06-24,18.07400
2022-06-27,18.25410
2022-06-28,18.23810
2022-06-29,18.13910
2022-06-30,18.14200
2022-07-01,18.21690
2022-07-04,18.29010
2022-07-05,18.26650
2022-07-06,18.45100
2022-07-07,18.59320
2022-07-08,18.65880
2022-07-11,18.64980
2022-07-12,18.56850
2022-07-13,18.46200
2022-07-14,18.38200
2022-07-15,18.39240
2022-07-18,18.57320
2022-07-19,18.61730
2022-07-20,18.74720
2022-07-21,18.82230
2022-07-22,18.87790
2022-07-25,18.88270
2022-07-26,18.75710
2022-07-27,18.88210
2022-07-28,19.12630
2022-07-29,19.28190
2022-08-01,19.44280
2022-08-02,19.47340
2022-08-03,19.45920
2022-08-04,19.43080
2022-08-05,19.47750
2022-08-08,19.60840
2022-08-10,19.61600
2022-08-11,19.74030
2022-08-12,19.77270
2022-08-16,19.91580
2022-08-17,20.03730
2022-08-18,20.02360
2022-08-19,19.87310
2022-08-22,19.67160
2022-08-23,19.74210
2022-08-24,19.75350
2022-08-25,19.69360
2022-08-26,19.70360
2022-08-29,19.51940
2022-08-30,19.87590
2022-09-01,19.79860
2022-09-02,19.77030
2022-09-05,19.96100
2022-09-06,19.99390
2022-09-07,20.01520
2022-09-08,20.30070
2022-09-09,20.44510
2022-09-12,20.47350
2022-09-13,20.69030
2022-09-14,20.81690
2022-09-15,20.80820
2022-09-16,20.38830
2022-09-19,20.51840
2022-09-20,20.71680
2022-09-21,20.59400
2022-09-22,20.53960
2022-09-23,20.25200
2022-09-26,19.91600
2022-09-27,19.91430
2022-09-28,19.77730
2022-09-29,19.68510
2022-09-30,19.87540
2022-10-03,19.81870
2022-10-04,20.15150
2022-10-06,20.32700
2022-10-07,20.37090
2022-10-10,20.34200
2022-10-11,20.14500
2022-10-12,20.28230
2022-10-13,20.17190
2022-10-14,20.26660
2022-10-17,20.33420
2022-10-18,20.47820
2022-10-19,20.53470
2022-10-20,20.57800
2022-10-21,20.62480
2022-10-25,20.84530
2022-10-27,20.96840
2022-10-28,20.97040
2022-10-31,21.09990
2022-11-01,21.20940
2022-11-02,21.16800
2022-11-03,21.13440
2022-11-04,21.09730
2022-11-07,21.22850
2022-11-09,21.25300
2022-11-10,21.11490
2022-11-11,21.29770
2022-11-14,21.28110
2022-11-15,21.29440
2022-11-16,21.33810
2022-11-17,21.29640
2022-11-18,21.21500
2022-11-21,21.15030
2022-11-22,21.16060
2022-11-23,21.14070
2022-11-24,21.35920
2022-11-25,21.34670
2022-11-28,21.34930
2022-11-29,21.26240
2022-11-30,21.39640
2022-12-01,21.43540
2022-12-02,21.36800
2022-12-05,21.32660
2022-12-06,21.27000
2022-12-07,21.18850
2022-12-08,21.20680
2022-12-09,21.07190
2022-12-12,21.13010
2022-12-13,21.22560
2022-12-14,21.30490
2022-12-15,21.11250
2022-12-16,20.93440
2022-12-19,21.05190
2022-12-20,21.04640
2022-12-21,20.89080
2022-12-22,20.77540
2022-12-23,20.36490
2022-12-26,20.58920
2022-12-27,20.70230
2022-12-28,20.73230
2022-12-29,20.79540
2022-12-30,20.73720
2023-01-02,20.80900
2023-01-03,20.87110
2023-01-04,20.73900
2023-01-05,20.71760
2023-01-06,20.54390
2023-01-09,20.77260
2023-01-10,20.68790
2023-01-11,20.67580
2023-01-12,20.71830
2023-01-13,20.82140
2023-01-16,20.75120
2023-01-17,20.80710
2023-01-18,20.90640
2023-01-19,20.93790
2023-01-20,20.93690
2023-01-23,21.09540
2023-01-24,21.11590
2023-01-25,20.94040
2023-01-27,20.79380
2023-01-30,20.84450
2023-01-31,20.84380
2023-02-01,20.93380
2023-02-02,21.00300
2023-02-03,21.12470
2023-02-06,21.09320
2023-02-07,21.03520
2023-02-08,21.12040
2023-02-09,21.08680
2023-02-10,21.06800
2023-02-13,20.97900
2023-02-14,21.04550
2023-02-15,21.09210
2023-02-16,21.12860
2023-02-17,21.05490
2023-02-20,20.99620
2023-02-21,20.96440
2023-02-22,20.79970
2023-02-23,20.81980
2023-02-24,20.80850
2023-02-27,20.75780
2023-02-28,20.77330
2023-03-01,20.92600
2023-03-02,20.85620
2023-03-03,20.97530
2023-03-06,21.13080
2023-03-08,21.18090
2023-03-09,21.04930
2023-03-10,20.92510
2023-03-13,20.70350
2023-03-14,20.61870
2023-03-15,20.56790
2023-03-16,20.58910
2023-03-17,20.61970
2023-03-20,20.49470
2023-03-21,20.55030
2023-03-22,20.55890
2023-03-23,20.50980
2023-03-24,20.38570
2023-03-27,20.33720
2023-03-28,20.31740
2023-03-29,20.42360
2023-03-31,20.64660
2023-04-03,20.72940
2023-04-05,20.87220
2023-04-06,20.89750
2023-04-10,20.96900
2023-04-11,21.05870
2023-04-12,21.12560
2023-04-13,21.08630
2023-04-17,21.04250
2023-04-18,21.13840
2023-04-19,21.05340
2023-04-20,21.07130
2023-04-21,21.11840
2023-04-24,21.24860
2023-04-25,21.23900
2023-04-26,21.31810
2023-04-27,21.41170
2023-04-28,21.54990
2023-05-02,21.67720
2023-05-03,21.61410
2023-05-04,21.66700
2023-05-05,21.56650
2023-05-08,21.70290
2023-05-09,21.75960
2023-05-10,21.80150
2023-05-11,21.85490
2023-05-12,21.82660
2023-05-15,21.81860
2023-05-16,21.76220
2023-05-17,21.63750
2023-05-18,21.57240
2023-05-19,21.61390
2023-05-22,21.78790
2023-05-23,21.86000
2023-05-24,21.94650
2023-05-25,21.95380
2023-05-26,22.13490
2023-05-29,22.21300
2023-05-30,22.23280
2023-05-31,22.23410
2023-06-01,22.12600
2023-06-02,22.15490
2023-06-05,22.18910
2023-06-06,22.20560
2023-06-07,22.30120
2023-06-08,22.18010
2023-06-09,22.09460
2023-06-12,22.14170
2023-06-13,22.23420
2023-06-14,22.26880
2023-06-15,22.23200
2023-06-16,22.26790
2023-06-19,22.24040
2023-06-20,22.34860
2023-06-21,22.41850
2023-06-22,22.33920
2023-06-23,22.22460
2023-06-26,22.31310
2023-06-27,22.39780
2023-06-28,22.50620
2023-06-30,22.76010
2023-07-03,22.80980
2023-07-04,22.90030
2023-07-05,23.00710
2023-07-06,23.06310
2023-07-07,22.91230
2023-07-10,22.79010
2023-07-11,22.82570
2023-07-12,22.86830
2023-07-13,22.86630
2023-07-14,23.07250
2023-07-17,23.16300
2023-07-18,23.14090
2023-07-19,23.18240
2023-07-20,23.31620
2023-07-21,23.12030
2023-07-24,23.10240
2023-07-25,23.13540
2023-07-26,23.22290
2023-07-27,23.20900
2023-07-28,23.17460
2023-07-31,23.33310
2023-08-01,23.32870
2023-08-02,23.12890
2023-08-03,23.04790
2023-08-04,23.19000
2023-08-07,23.24400
2023-08-08,23.22810
2023-08-09,23.27770
2023-08-10,23.17510
2023-08-11,23.12480
2023-08-14,23.15950
2023-08-16,23.23140
2023-08-17,23.07730
2023-08-18,22.99730
2023-08-21,23.14870
2023-08-22,23.20750
2023-08-23,23.28690
2023-08-24,23.28290
2023-08-25,23.21250
2023-08-28,23.38540
2023-08-29,23.43650
2023-08-30,23.48780
2023-08-31,23.52900
2023-09-01,23.74380
2023-09-04,24.00230
2023-09-05,24.08700
2023-09-06,24.04470
2023-09-07,24.24920
2023-09-08,24.32620
2023-09-11,24.52550
2023-09-12,24.39690
2023-09-13,24.45730
2023-09-14,24.53230
2023-09-15,24.66650
2023-09-18,24.67540
2023-09-20,24.56450
2023-09-21,24.39310
2023-09-22,24.33160
2023-09-25,24.40450
2023-09-26,24.36850
2023-09-27,24.40730
2023-09-29,24.36280
2023-10-03,24.21860
2023-10-04,24.03250
2023-10-05,24.10430
2023-10-06,24.23600
2023-10-09,24.11850
2023-10-10,24.35090
2023-10-11,24.50450
2023-10-12,24.52300
2023-10-13,24.53360
2023-10-16,24.61930
2023-10-17,24.72530
2023-10-18,24.60330
2023-10-19,24.50530
2023-10-20,24.51530
2023-10-23,24.22670
2023-10-25,24.08900
2023-10-26,23.85110
2023-10-27,24.09380
2023-10-30,24.11810
2023-10-31,24.10690
2023-11-01,23.95740
2023-11-02,24.11660
2023-11-03,24.20500
2023-11-06,24.40140
2023-11-07,24.43780
2023-11-08,24.50070
2023-11-09,24.49020
2023-11-10,24.52720
2023-11-13,24.73310
2023-11-15,24.93990
2023-11-16,25.00200
2023-11-17,24.99870
2023-11-20,24.99460
2023-11-21,25.06650
2023-11-22,25.08660
2023-11-23,25.11650
2023-11-24,25.10980
2023-11-28,25.16360
2023-11-29,25.39070
2023-11-30,25.45410
2023-12-01,25.52320
2023-12-04,25.90260
2023-12-05,25.99210
2023-12-06,26.10750
2023-12-07,26.26690
2023-12-08,26.25780
2023-12-11,26.24280
2023-12-12,26.17800
2023-12-13,26.26450
2023-12-14,26.50060
2023-12-15,26.65950
2023-12-18,26.58730
2023-12-19,26.60880
2023-12-20,26.19290
2023-12-21,26.25450
2023-12-22,26.49080
2023-12-26,26.55940
2023-12-27,26.63870
2023-12-28,26.74210
2023-12-29,26.71440
2024-01-01,26.80460
2024-01-02,26.85760
2024-01-03,26.74540
2024-01-04,26.85070
2024-01-05,26.89470
2024-01-08,26.70570
2024-01-09,26.77190
2024-01-10,26.78490
2024-01-11,26.84710
2024-01-12,27.07310
2024-01-15,27.40110
2024-01-16,27.26370
2024-01-17,26.88440
2024-01-18,26.77020
2024-01-19,27.12460
2024-01-23,26.69200
2024-01-24,27.00540
2024-01-25,26.85980
2024-01-29,27.15300
2024-01-30,27.04270
2024-01-31,27.35300
2024-02-01,27.48830
2024-02-02,27.72720
2024-02-05,27.75630
2024-02-06,28.02440
2024-02-07,27.98990
2024-02-08,27.91800
2024-02-09,27.89250
2024-02-12,27.65840
2024-02-13,27.90120
2024-02-14,28.08410
2024-02-15,28.23990
2024-02-16,28.39360
2024-02-19,28.37500
2024-02-20,28.43230
2024-02-21,28.13210
2024-02-22,28.36820
2024-02-23,28.36840
2024-02-26,28.30660
2024-02-27,28.37420
2024-02-28,28.03230
2024-02-29,28.20370
2024-03-01,28.42800
2024-03-04,28.53870
2024-03-05,28.45110
2024-03-06,28.47720
2024-03-07,28.47160
2024-03-11,28.24850
2024-03-12,28.25350
2024-03-13,27.71050
2024-03-14,27.92820
2024-03-15,27.77080
2024-03-18,27.73960
2024-03-19,27.47580
2024-03-20,27.52000
2024-03-21,27.78040
2024-03-22,27.86540
2024-03-26,27.77560
2024-03-27,27.70540
2024-03-28,27.91340
2024-03-31,27.91470
2024-04-01,28.20070
2024-04-02,28.14390
2024-04-03,28.18820
2024-04-04,28.26300
2024-04-05,28.36260
2024-04-08,28.48670
2024-04-09,28.48850
2024-04-10,28.62280
2024-04-12,28.41240
2024-04-15,28.11090
2024-04-16,28.03190
2024-04-18,27.88700
2024-04-19,27.99930
2024-04-22,28.29090
2024-04-23,28.38750
2024-04-24,28.52660
2024-04-25,28.69910
2024-04-26,28.67650
2024-04-29,28.74110
2024-04-30,28.68420
2024-05-02,28.77860
2024-05-03,28.77540
2024-05-06,28.73190
2024-05-07,28.57830
2024-05-08,28.65750
2024-05-09,28.22740
2024-05-10,28.36990
2024-05-13,28.46390
2024-05-14,28.56280
2024-05-15,28.66330
2024-05-16,28.77050
2024-05-17,28.83410
2024-05-21,29.01940
2024-05-22,29.07550
2024-05-23,29.24380
2024-05-24,29.19580
2024-05-27,29.15810
2024-05-28,29.04170
2024-05-29,28.94030
2024-05-30,28.73770
2024-05-31,28.78000
2024-06-03,29.34630
2024-06-04,28.07900
2024-06-05,28.79000
2024-06-06,29.12100
2024-06-07,29.59500
2024-06-10,29.63840
2024-06-11,29.62750
2024-06-12,29.79230
2024-06-13,29.86260
2024-06-14,29.87450
2024-06-18,29.98460
2024-06-19,29.97350
2024-06-20,30.04130
2024-06-21,30.05760
2024-06-24,30.29630
2024-06-25,30.33890
2024-06-26,30.27520
2024-06-27,30.39450
2024-06-28,30.44810
2024-07-01,30.67780
2024-07-02,30.72950
2024-07-03,31.04270
2024-07-04,31.32640
2024-07-05,31.24330
2024-07-08,31.31790
2024-07-09,31.50140
2024-07-10,31.36210
2024-07-11,31.43000
2024-07-12,31.64810
2024-07-15,31.71490
2024-07-16,31.74930
2024-07-18,31.83990
2024-07-19,31.59790
2024-07-22,31.66280
2024-07-23,31.62850
2024-07-24,31.50530
2024-07-25,31.46250
2024-07-26,31.87570
2024-07-29,31.96320
2024-07-30,32.05690
2024-07-31,32.14830
2024-08-01,32.25070
2024-08-02,31.92120
2024-08-05,31.11540
2024-08-06,31.07760
2024-08-07,31.57620
2024-08-08,31.42380
2024-08-09,31.64490
2024-08-12,31.59830
2024-08-13,31.29150
2024-08-14,31.31240
2024-08-16,31.81550
2024-08-19,31.90370
2024-08-20,32.11610
2024-08-21,32.20680
2024-08-22,32.23690
2024-08-23,32.24850
2024-08-26,32.44330
2024-08-27,32.43930
2024-08-28,32.48780
2024-08-29,32.54230
2024-08-30,32.57520
2024-09-02,32.80840
2024-09-03,32.90400
2024-09-04,32.79630
2024-09-05,32.75930
2024-09-06,32.53400
2024-09-09,32.41330
2024-09-10,32.66660
2024-09-11,32.58040
2024-09-12,32.93970
2024-09-13,33.00050
2024-09-16,33.13620
2024-09-17,33.15650
2024-09-18,33.27740
2024-09-19,33.28050
2024-09-20,33.76860
2024-09-23,33.81230
2024-09-24,33.83650
2024-09-25,33.97510
2024-09-26,34.10500
2024-09-27,33.94070
2024-09-30,33.63980
2024-10-01,33.69760
2024-10-03,33.16820
2024-10-04,32.91440
2024-10-07,32.54630
2024-10-08,32.80630
2024-10-09,32.93990
2024-10-10,33.08180
2024-10-11,33.03560
2024-10-14,33.15040
2024-10-15,33.27760
2024-10-16,33.13160
2024-10-17,32.89200
2024-10-18,33.10410
2024-10-21,33.10170
2024-10-22,32.68260
2024-10-23,32.71260
2024-10-24,32.57860
2024-10-25,32.40100
2024-10-28,32.42470
2024-10-29,32.47820
2024-10-30,32.26130
2024-10-31,32.21360
2024-11-04,32.13240
2024-11-05,32.30770
2024-11-06,32.57660
2024-11-07,32.36990
2024-11-08,32.42600
2024-11-11,32.70200
2024-11-12,32.37460
2024-11-13,31.88500
2024-11-14,32.08430
2024-11-18,31.85680
2024-11-19,31.91950
2024-11-21,31.77870
2024-11-22,32.28140
2024-11-25,32.54650
2024-11-26,32.48490
2024-11-27,32.49640
2024-11-28,32.23340
2024-11-29,32.37130
2024-12-02,32.48760
2024-12-03,32.67880
2024-12-04,32.66770
2024-12-05,32.89480
2024-12-06,32.90080
2024-12-09,32.99030
2024-12-10,33.04700
2024-12-11,33.09990
2024-12-12,33.06320
2024-12-13,33.20010
2024-12-16,33.17790
2024-12-17,33.00260
2024-12-18,32.81720
2024-12-19,32.69120
2024-12-20,32.18110
2024-12-23,32.35450
2024-12-24,32.29290
2024-12-26,32.35700
2024-12-27,32.44850
2024-12-30,32.67600
2024-12-31,32.53380
2025-01-01,32.64170
2025-01-02,33.08840
2025-01-03,32.76840
2025-01-06,32.14710
2025-01-07,32.19180
2025-01-08,32.27360
2025-01-09,32.08090
2025-01-10,31.90210
2025-01-13,31.34750
2025-01-14,31.49630
2025-01-15,31.65220
2025-01-16,31.68510
2025-01-17,31.50270
2025-01-20,31.73360
2025-01-21,31.44650
2025-01-22,31.70670
2025-01-23,31.73670
2025-01-24,31.62040
2025-01-27,31.24580
2025-01-28,31.25200
2025-01-29,31.59830
2025-01-30,31.67080
2025-01-31,32.03430
2025-02-03,32.09530
2025-02-04,32.26010
2025-02-05,32.23840
2025-02-06,32.18060
2025-02-07,32.04110
2025-02-10,31.84240
2025-02-11,31.49240
2025-02-12,31.50900
2025-02-13,31.57530
2025-02-14,31.43180
2025-02-17,31.45900
2025-02-18,31.50600
2025-02-19,31.42890
2025-02-20,31.58470
2025-02-21,31.38860
2025-02-24,31.10410
2025-02-25,30.96790
2025-02-27,31.04780
2025-02-28,30.56260
2025-03-03,30.45510
2025-03-04,30.38240
2025-03-05,30.75910
2025-03-06,30.92150
2025-03-07,30.92400
2025-03-10,30.85880
2025-03-11,30.76890
2025-03-12,30.74880
2025-03-13,30.64240
2025-03-17,30.85030
2025-03-18,31.18300
2025-03-19,31.38940
2025-03-20,31.66730
2025-03-21,31.89870
2025-03-24,32.29020
2025-03-25,32.27610
2025-03-26,32.11570
2025-03-27,32.41130
2025-03-28,32.19880
2025-03-31,32.20070
2025-04-01,31.70170
2025-04-02,31.79120
2025-04-03,31.69770
2025-04-04,31.33180
2025-04-07,30.51990
2025-04-08,30.85430
2025-04-09,30.77000
2025-04-11,31.25640
2025-04-15,31.82300
2025-04-16,31.92950
2025-04-17,32.23210
2025-04-21,32.64640
2025-04-22,32.74470
2025-04-23,33.02750
2025-04-24,32.97180
2025-04-25,32.67050
2025-04-28,32.84700
2025-04-29,32.79540
2025-04-30,32.74260
2025-05-02,32.75930
2025-05-05,32.80100
2025-05-06,32.67040
2025-05-07,32.82820
2025-05-08,32.57810
2025-05-09,32.21160
2025-05-12,33.33720
2025-05-13,32.97680
2025-05-14,33.13690
2025-05-15,33.64080
2025-05-16,33.77020
2025-05-19,34.10240
2025-05-20,33.64850
2025-05-21,33.76460
2025-05-22,33.43450
2025-05-23,33.85600
2025-05-26,34.07450
2025-05-27,33.85580
2025-05-28,33.65080
2025-05-29,33.64780
2025-05-30,33.61760
2025-06-02,33.69820
2025-06-03,33.44520
2025-06-04,33.54970
2025-06-05,33.70180
2025-06-06,34.22760
2025-06-09,34.41950
2025-06-10,34.49420
2025-06-11,34.56100
2025-06-12,34.15530
2025-06-13,34.06710
2025-06-16,34.35620
2025-06-17,34.18480
2025-06-18,34.09210
2025-06-19,33.95510
2025-06-20,34.27740
2025-06-23,34.06640
2025-06-24,34.23200
2025-06-25,34.42710
2025-06-26,34.67490
2025-06-27,34.81920
2025-06-30,34.79450
2025-07-01,34.74250
2025-07-02,34.82710
2025-07-03,34.71330
2025-07-04,34.78160
2025-07-07,34.74980
2025-07-08,34.65500
2025-07-09,34.68340
2025-07-10,34.55970
2025-07-11,34.34300
2025-07-14,34.35490
2025-07-15,34.49390
2025-07-16,34.51670
2025-07-17,34.44810
2025-07-18,34.28490
2025-07-21,34.47740
2025-07-22,34.45270
2025-07-23,34.58940
2025-07-24,34.42440
2025-07-25,34.14470
2025-07-28,33.96180
2025-07-29,34.17980
2025-07-30,34.22380
2025-07-31,34.16890
2025-08-01,33.83680
2025-08-04,33.89660
2025-08-05,33.77520
2025-08-06,33.63610
2025-08-07,33.67980
2025-08-08,33.49380
2025-08-11,33.74250
2025-08-12,33.73420
2025-08-13,33.97150
2025-08-14,34.06180
2025-08-18,34.45790
2025-08-19,34.30120
2025-08-20,34.30980
2025-08-21,34.30730
2025-08-22,34.08500
2025-08-25,34.17990
2025-08-26,33.89460
2025-08-28,33.65760
2025-08-29,33.61160
2025-09-01,33.86490
2025-09-02,33.87800
2025-09-03,34.13950
2025-09-04,34.19730
2025-09-05,34.13280
2025-09-08,34.24680
2025-09-09,34.52810
2025-09-10,34.66420
2025-09-11,34.67470
2025-09-12,34.81440
2025-09-15,34.75630
2025-09-16,35.04530
2025-09-17,35.14850
2025-09-18,35.13080
2025-09-19,34.97010
2025-09-22,34.87950
2025-09-23,34.82900
2025-09-24,34.78620
2025-09-25,34.48040
2025-09-26,34.15220
2025-09-30,33.87070
2025-10-01,33.98280
2025-10-03,34.04010
2025-10-06,34.13550
2025-10-07,34.25250
2025-10-08,34.20640
2025-10-09,34.26400
2025-10-10,34.47000
2025-10-13,34.46830
2025-10-14,34.34840
2025-10-15,34.47780
2025-10-16,34.82200
2025-10-17,34.92730
2025-10-20,34.99960
2025-10-23,35.21780
2025-10-24,35.05310
2025-10-27,35.15560
2025-10-28,34.97040
2025-10-29,35.02470
2025-10-30,34.79020
2025-10-31,34.43350
2025-11-03,34.37790
2025-11-04,34.14490
2025-11-06,34.28180
2025-11-07,34.16190
2025-11-10,34.37560
2025-11-11,34.37820
2025-11-12,34.45810
2025-11-13,34.41780
2025-11-14,34.59020
2025-11-17,34.76820
2025-11-18,34.54070
2025-11-19,34.65330
2025-11-20,34.76360
2025-11-21,34.58590
2025-11-24,34.40140
2025-11-25,34.24860
2025-11-26,34.63170
2025-11-27,34.54330
2025-11-28,34.57820
2025-12-01,34.54530
2025-12-02,34.39380
2025-12-03,34.49890
2025-12-04,34.52690
2025-12-05,34.65050
2025-12-08,34.38210
2025-12-09,34.29260
2025-12-10,34.28890
2025-12-11,34.39040
2025-12-12,34.50090
2025-12-15,34.45980
2025-12-16,34.29640
2025-12-17,34.27830
2025-12-18,34.24330
2025-12-19,34.37000
2025-12-22,34.62820
2025-12-23,34.71050
2025-12-24,34.66580
2025-12-26,34.51320
2025-12-29,34.39300
2025-12-30,34.29690
2025-12-31,34.54790
2026-01-01,34.48310
2026-01-02,34.67690
2026-01-05,34.58010
2026-01-06,34.55050
2026-01-07,34.48270
2026-01-08,34.21960
2026-01-09,33.88780
2026-01-12,33.86510
2026-01-13,33.96260
2026-01-14,33.93490
2026-01-16,33.89950
2026-01-19,33.82980
2026-01-20,33.35520
2026-01-21,33.28950
2026-01-22,33.47780
2026-01-23,33.18440
2026-01-27,33.17660
2026-01-28,33.46690
2026-01-29,33.46280
2026-01-30,33.37770
2026-02-02,33.19600
2026-02-03,33.80110
2026-02-04,33.77020
2026-02-05,33.65310
2026-02-06,33.82540
